0 0.9064761578124999 0.09596043125 0.9181727343749999 0.0889533265625 0.9184114328125 0.051369490625 0.9227082578125 0.042451303125 0.8928700453125 0.0535990375 0.8938247374999999 0.0857682203125 0.8985988578124999 0.1010565359375 0.9064761578124999 0.09596043125
0 0.8658962656250001 0.3601863125 0.8568253703125001 0.3605048265625 0.8589737078124999 0.37324513125 0.8783089359374999 0.381526309375 0.8749670578125001 0.37324513125 0.87114773125 0.3713340484375 0.8658962656250001 0.3601863125
0 0.891437703125 0.381526309375 0.8950182796874999 0.38057075 0.895734375 0.369423015625 0.8883345734375 0.3662379421875 0.8849926937499999 0.3484015671875 0.8732961187500001 0.350312634375 0.87814699375 0.37138855937500004 0.8857087375000001 0.3716525625 0.8866636343750001 0.3780226890625 0.891437703125 0.381526309375
0 0.9463401078125001 0.28087815312500003 0.952546315625 0.267182365625 0.9474822390625001 0.264947721875 0.9463401078125001 0.2722784625 0.9429982296875 0.274508009375 0.9425206796875001 0.278967103125 0.9463401078125001 0.28087815312500003
0 0.9861927921874999 0.3939480328125 0.9785541390624999 0.382800296875 0.970438090625 0.391399971875 0.9788084046875 0.39813808906250003 0.97759924375 0.3987256734375 0.9821346656250001 0.4066883375 0.9861927921874999 0.3939480328125
0 0.9110015203125 0.5611263 0.8986134203124999 0.550276040625 0.8962016875 0.5722740359375 0.9026467968749999 0.585014340625 0.9078982625 0.586288328125 0.9110015203125 0.5611263
0 0.8154946624999999 0.5408022484375 0.8120095484375 0.5464024328125 0.8139191359375 0.549268990625 0.8186933062499999 0.545128359375 0.8154946624999999 0.5408022484375
0 0.8428025796874999 0.5537280859375 0.8377897609374999 0.5521355484375 0.8351639265624999 0.5626462734375 0.8413702875 0.5607351890625 0.8444735187499999 0.5578686312500001 0.8428025796874999 0.5537280859375
0 0.7173393453125 0.5653226499999999 0.7198691796875 0.57092745 0.7301335156250001 0.5623277250000001 0.724165878125 0.5537280859375 0.7173393453125 0.5653226499999999
0 0.60887103125 0.6011855828125 0.6083242890625 0.600988690625 0.6100645484375 0.607874225 0.626057796875 0.5944969421875 0.6224772187500001 0.588445278125 0.60887103125 0.6011855828125
0 0.74755903125 0.6560249359375 0.7401591515625 0.655387940625 0.733952740625 0.661121040625 0.7408752734374999 0.6725872890625 0.7432623328125 0.6690837546874999 0.7470815578125001 0.665261671875 0.74755903125 0.6560249359375
0 0.527318878125 0.20884693593749998 0.5425538578125 0.1977956578125 0.5367514046874999 0.1863371109375 0.5207366890625 0.1987247171875 0.527318878125 0.20884693593749998
0 0.3429517703125 0.1567847421875 0.344956509375 0.163994565625 0.3536546328125 0.158305390625 0.351771509375 0.14997154375 0.3429517703125 0.1567847421875
0 0.41707493749999996 0.22853248437499998 0.4177724859375 0.2271945265625 0.4279985 0.228909434375 0.42903434999999995 0.224009103125 0.41754580468749997 0.2225013125 0.41707493749999996 0.22853248437499998
0 0.15006485 0.0513406578125 0.15445651875 0.04777379375 0.154099584375 0.047138793750000005 0.1543948125 0.043987415625 0.15055686875000002 0.039129028125 0.1477030375 0.0403108015625 0.1465221046875 0.0453004875 0.15006485 0.0513406578125
0 0.15793752656249999 0.050815407812500005 0.159708915625 0.0540981171875 0.1635468578125 0.0547546359375 0.162661153125 0.0484518796875 0.1612834296875 0.047007493750000004 0.15793752656249999 0.050815407812500005
0 0.2058626234375 0.114762225 0.2061578625 0.108722075 0.205567428125 0.1030758640625 0.20182790156250002 0.102288 0.1949392828125 0.1063585390625 0.194250421875 0.11935799062500001 0.20350084218750003 0.1204084625 0.2041897046875 0.12067107031249999 0.20527221093749998 0.1189640953125 0.2058626234375 0.114762225
0 0.171652290625 0.18514052187500002 0.173878596875 0.18514052187500002 0.17562664375 0.1795985109375 0.172176096875 0.177102446875 0.1709975015625 0.18042254687499998 0.171652290625 0.18514052187500002
0 0.129287665625 0.0965588453125 0.1326338 0.0994609421875 0.1356452453125 0.10080034062500001 0.1388240796875 0.090977953125 0.132299146875 0.0858435546875 0.1279492703125 0.089192096875 0.129287665625 0.0965588453125
0 0.2692464625 0.352377415625 0.2699195234375 0.3548420796875 0.2744129671875 0.356236390625 0.282354784375 0.35707300468750003 0.2816232984375 0.35135625625 0.2696060609375 0.3509379703125 0.2692464625 0.352377415625
0 0.2685610796875 0.2795485421875 0.2699195234375 0.28261605312500004 0.2742039453125 0.2755049984375 0.271173528125 0.270903734375 0.2681430890625 0.27355294375 0.2685610796875 0.2795485421875