0 0.2726989203125 0.274767921875 0.270892034375 0.27636089531249997 0.2767303875 0.286354090625 0.281382203125 0.27435413125 0.2730089953125 0.26980240625 0.2726989203125 0.274767921875
0 0.1760237359375 0.3847317515625 0.1762786625 0.3804804390625 0.1730924515625 0.380140334375 0.1702886234375 0.3816708125 0.169132559375 0.3854383796875 0.1713081953125 0.388642978125 0.1742394796875 0.389323215625 0.1758963203125 0.3879627671875 0.1760237359375 0.3847317515625
0 0.1715630953125 0.3559927515625 0.16875929375 0.3534419484375 0.165318196875 0.354632321875 0.1646724796875 0.35746986875000003 0.1664652109375 0.361944628125 0.1705435515625 0.3621146671875 0.17207288125 0.3592237484375 0.1715630953125 0.3559927515625
0 0.1481128609375 0.47730619531249996 0.1498971171875 0.4759457921875 0.14773051875 0.4732249390625 0.1428875625 0.4681233140625 0.1390270265625 0.472616821875 0.14225030624999999 0.4759457921875 0.14492669062500002 0.4767960609375 0.1481128609375 0.47730619531249996
0 0.2492174453125 0.44679204375000003 0.2486602234375 0.447004471875 0.24673804062500002 0.450372265625 0.253197590625 0.454970584375 0.254471215625 0.45401465781250006 0.255426471875 0.4513592828125 0.2492174453125 0.44679204375000003
0 0.26512400468749997 0.49162895625 0.26585444687500004 0.49554465312499996 0.2680833296875 0.49405764531249996 0.2670484890625 0.4904463328125 0.26512400468749997 0.49162895625
0 0.519199584375 0.6692979968749999 0.520064996875 0.664184203125 0.5174687578125 0.664184203125 0.5153670124999999 0.6622046687500001 0.509756734375 0.662235075 0.511781759375 0.6679783046875001 0.5163560515625 0.6702877593750001 0.519199584375 0.6692979968749999
0 0.5454267515625 0.6467418546875 0.5466148890625 0.64603725625 0.5470769390625 0.6448923 0.5467469140625 0.6438354109375 0.5458228109375 0.64251429375 0.5439305828125 0.6431276671874999 0.544106603125 0.6448042187499999 0.5445026484375 0.646301484375 0.5454267515625 0.6467418546875
0 0.5278688093749999 0.6731640718749999 0.5287269203125 0.6731640718749999 0.5284628921875 0.6715787265625 0.529518990625 0.6699053187499999 0.5278688093749999 0.6670869515625 0.526350659375 0.6669988765625 0.5241803890625001 0.66778375625 0.525228534375 0.670257628125 0.525888609375 0.6728998484375001 0.525888609375 0.6736925140625 0.5278688093749999 0.6731640718749999
0 0.8273860890625 0.514598721875 0.825970240625 0.50893119375 0.8324426828125 0.5013744921875001 0.8368924390625001 0.5013744921875001 0.8502418593750001 0.49840579218750003 0.8502418593750001 0.4948972859375 0.842555828125 0.47492603281249995 0.8320381031249999 0.474116353125 0.81097599375 0.4912956171875 0.818284209375 0.514868609375 0.8267792937499999 0.5172975484375 0.8273860890625 0.514598721875
0 0.7952260734375 0.511899865625 0.7927989578125 0.4986756359375 0.7847861203125001 0.50073971875 0.784303875 0.50002505 0.78713556875 0.5151384546875 0.7952260734375 0.511899865625
0 0.748645984375 0.4577806625 0.75289673125 0.46179228125 0.754079246875 0.458636678125 0.7507945796875 0.4544292453125 0.748645984375 0.4577806625