0 0.054452442187500005 0.4303304703125 0.0533054546875 0.42965026875 0.050271457812499996 0.43006898125 0.053815214062500005 0.4473358125 0.056236698437499996 0.44716576406249997 0.055981839062500004 0.439513353125 0.054452442187500005 0.4303304703125
0 0.148150671875 0.7735773796875 0.1559615875 0.7853718296875 0.1569545 0.778301734375 0.15044733125 0.7698744921875 0.148150671875 0.7735773796875
0 0.183084896875 0.731442778125 0.199996859375 0.727028284375 0.2012439125 0.7250870171875 0.1820314875 0.7303593890625 0.183084896875 0.731442778125
0 0.017729721875 0.615312390625 0.017719224999999998 0.62272474375 0.0219362890625 0.6204875624999999 0.0214790140625 0.6155386453125 0.017729721875 0.615312390625
0 0.2337414421875 0.8159259109375 0.227670571875 0.8221150093749999 0.2308765296875 0.824845490625 0.23551495625 0.8196575640624999 0.2337414421875 0.8159259109375
0 0.23565138437500002 0.7905324234375 0.23303470312500002 0.7918500421875 0.23926663124999997 0.7998160624999999 0.23953947812499998 0.7965394828125001 0.2360606734375 0.7938090015625 0.23565138437500002 0.7905324234375
0 0.318034325 0.8271571734375 0.32345874218750004 0.8387855921874999 0.32926433125 0.8340116390625001 0.3244038359375 0.8225721609375001 0.318034325 0.8271571734375
0 0.3614650046875 0.8605836484375 0.3615999984375 0.8555394703125 0.35754959375 0.8516662640625 0.3545339390625 0.856943746875 0.354849353125 0.8602233515625001 0.3576170984375 0.8632859015625 0.3614650046875 0.8605836484375
0 0.543322884375 0.865547778125 0.5410258015625 0.8635645000000001 0.5439985468749999 0.855991975 0.542106796875 0.8545495859375001 0.5358717687500001 0.8730200296874999 0.5358910515625 0.874562684375 0.5385935109375 0.8758247718750001 0.543322884375 0.865547778125
0 0.7877873359375 0.8553976671875001 0.7904329296875 0.8443032968749999 0.7864645375 0.8400167937499999 0.78192923125 0.8395125046875 0.778149765625 0.8465725781250001 0.777960840625 0.84732904375 0.781362315625 0.8553976671875001 0.7877873359375 0.8553976671875001
0 0.8989022249999999 0.8334610109374999 0.8955624078125 0.841061884375 0.9030596624999999 0.8412775234375 0.9055162109375001 0.8327046109375 0.8989022249999999 0.8334610109374999
0 0.9249802359375 0.9214598 0.91950008125 0.9207033328125 0.9168544875 0.9234769281249999 0.9147405453124999 0.9248844625 0.9208228796875 0.9330584578125001 0.9255472515625 0.9320499078125 0.9274368640624999 0.930032725 0.9249802359375 0.9214598
0 0.7942122953124999 0.7381015359374999 0.7917557265624999 0.7302850249999999 0.7831388328125 0.7312101890625 0.7834409531250001 0.7363365187500001 0.7875983093750001 0.7408751312499999 0.7942122953124999 0.7381015359374999
0 0.8690448296875 0.507747246875 0.8605127046875 0.5278301437499999 0.872446284375 0.5367440015625 0.8817058640625 0.5183373546875 0.8690448296875 0.507747246875
0 0.7394107 0.5468298203125 0.72977323125 0.5470819312499999 0.7289109921875 0.5595944890625 0.7309070015625 0.56221069375 0.7350644187500001 0.5561591984375001 0.7394107 0.5468298203125
0 0.7116319625 0.585660203125 0.7104981718750001 0.5806172859375 0.7064262765625 0.5847412624999999 0.7091753749999999 0.5854080374999999 0.7112540328125 0.585912340625 0.7116319625 0.585660203125
0 0.9085357953125 0.36630963125 0.9145907624999999 0.373753009375 0.9175109828125001 0.36925750156250003 0.9168205484374999 0.3639145125 0.9085357953125 0.36630963125
0 0.82085545625 0.32651376249999997 0.8204412609375 0.3324094359375 0.825135915625 0.3316724890625 0.8270690249999999 0.32780344375000003 0.82085545625 0.32651376249999997
0 0.9093643046875 0.345122025 0.9107250296875 0.35408906875 0.924553003125 0.3510176984375 0.9179252234374999 0.34180568437500003 0.9093643046875 0.345122025
0 0.9585634625000001 0.37858840312500003 0.9633532703125001 0.371284140625 0.9520307625 0.3681520359375 0.9585634625000001 0.37858840312500003
0 0.9749928234375 0.34796423593750003 0.9717761734374999 0.3410687375 0.9681860453125 0.343463875 0.9749928234375 0.34796423593750003
0 0.622753828125 0.4830065765625 0.6293652953125 0.49040967343749997 0.63391569375 0.4904532 0.63551015625 0.47839673281249995 0.622753828125 0.4830065765625
0 0.3994001921875 0.3427746640625 0.4017157796875 0.3440581140625 0.406154978125 0.339322875 0.4032805625 0.3372134703125 0.3994001921875 0.3427746640625
0 0.2781013234375 0.468380940625 0.2742171828125 0.47558437031249995 0.2753706609375 0.47585978593749995 0.281263159375 0.476243325 0.2781013234375 0.468380940625
0 0.352961203125 0.483969253125 0.35526540156249997 0.4799724125 0.3557262390625 0.47542216562500006 0.35269151875000004 0.469148 0.3525464625 0.4679937265625 0.343062303125 0.46627152499999996 0.33899785625 0.4686086328125 0.33747708125 0.4742656875 0.3382144234375 0.4801687140625 0.3413614140625 0.484979103125 0.3452191421875 0.4848301109375 0.3491362703125 0.48618288437499996 0.352961203125 0.483969253125
0 0.4260778796875 0.128046365625 0.42814113281250005 0.13256206406249998 0.4327084109375 0.1264679125 0.4305645625 0.123483025 0.4260778796875 0.128046365625