0 0.2518501546875 0.3867426140625 0.2549482953125 0.40052249062499995 0.25830475 0.3988000046875 0.2611447703125 0.3939770484375 0.26501746875 0.3901875515625 0.26501746875 0.3791636375 0.2624356234375 0.3715847546875 0.25907930625 0.3478144421875 0.246405571875 0.35106235625000004 0.2490100515625 0.3660727515625 0.2490100515625 0.3774411515625 0.2518501546875 0.3867426140625
0 0.1804871328125 0.3748298234375 0.1799839609375 0.37259205781250004 0.1744398015625 0.36743124374999997 0.17327549375 0.3732633734375 0.17696519375 0.377291409375 0.1789776875 0.377291409375 0.1804871328125 0.3748298234375
0 0.1697535546875 0.43256473125 0.1697535546875 0.4301031703125 0.16690249375 0.42786538125 0.158349203125 0.43413118281249996 0.16170341875 0.438606725 0.1658962015625 0.4372640828125 0.1697535546875 0.43256473125
0 0.3275700140625 0.4520334609375 0.32263607968749997 0.4531782515625 0.3307565765625 0.46053702812499997 0.33528471875 0.45113832656249997 0.3292471125 0.44800542656250003 0.3275700140625 0.4520334609375
0 0.0919834609375 0.5312574203125 0.0879299375 0.5341420046875001 0.08757809062500001 0.5354408046875 0.091037646875 0.5409929124999999 0.09428044062499999 0.5388294609375001 0.0945506359375 0.5330602984375 0.0919834609375 0.5312574203125
0 0.0048334359375 0.560463865625 0.0025364578124999998 0.557399 0.000101321875 0.5578372093749999 0.0006448296874999999 0.5656921734375 0.0033471374999999998 0.5619061546874999 0.0048334359375 0.560463865625
0 0.1965885625 0.6561810703125001 0.195606953125 0.6327251453125 0.1975801140625 0.6159709125 0.2009882609375 0.593233015625 0.198656390625 0.5927543187500001 0.195153578125 0.6083118453125 0.19282161250000002 0.6236299859375001 0.19228347343750002 0.6399055421875001 0.1926422765625 0.6478039546875001 0.1938131640625 0.6647975515625 0.1942425875 0.67644440625 0.198741096875 0.6762861499999999 0.1973060734375 0.669823834375 0.1973060734375 0.664079521875 0.1965885625 0.6561810703125001
0 0.31982164062499996 0.7018961890625001 0.3155768203125 0.70749383125 0.344396521875 0.7454572078124999 0.3508541453125 0.740909615625 0.31982164062499996 0.7018961890625001
0 0.52606115625 0.3842061484375 0.5260087828125 0.38085161875 0.5244374781250001 0.37847548125 0.5214520390625 0.37833571250000003 0.5190427296875 0.379384009375 0.5183094609375 0.38043229218749997 0.51972360625 0.3844158109375 0.520771134375 0.386302728125 0.5249088796875 0.386023184375 0.52606115625 0.3842061484375
0 0.5572250953125 0.37707776718749997 0.5562299187499999 0.3759595890625 0.554396746875 0.3748414109375 0.55334921875 0.3756101578125 0.55193505625 0.3765885640625 0.55329684375 0.3798732125 0.5552871406250001 0.381061278125 0.556753678125 0.37952378124999997 0.5572250953125 0.37707776718749997
0 0.3766837265625 0.17554336718750002 0.375333675 0.174514 0.373276453125 0.174514 0.3726156953125 0.1774673578125 0.3744336390625 0.180432834375 0.37610513437500004 0.18017550468750002 0.3766837265625 0.1780309875 0.3766837265625 0.17554336718750002
0 0.927339465625 0.4465034859375 0.9254774484375 0.4563259796875 0.9307961828125 0.45950085625000003 0.9342953703125 0.449415896875 0.927339465625 0.4465034859375
0 0.9506715781249999 0.7195705718750001 0.94885194375 0.7190102921875 0.95081148125 0.7147148249999999 0.9469323765625 0.705956321875 0.9239377984375 0.7393670218749999 0.9335955265625 0.7399273015625 0.9474522562500001 0.73283045625 0.9506715781249999 0.7195705718750001