0 0.08899209062499999 0.101184125 0.07938869374999999 0.10505515000000001 0.08193439062499999 0.11307939062500001 0.09047788125 0.10977515156249999 0.08899209062499999 0.101184125
0 0.1695980265625 0.14694790468750002 0.16736929218750002 0.1365395390625 0.16323429843749998 0.1374306375 0.1645214328125 0.14579141874999998 0.1674931078125 0.14760875 0.1695980265625 0.14694790468750002
0 0.20401964375 0.0800369734375 0.20179894375 0.0851095375 0.20587686718749998 0.08945405937499999 0.2086008734375 0.0848281203125 0.20401964375 0.0800369734375
0 0.21588153906250002 0.063718590625 0.21545890625 0.06753745156249999 0.2176876390625 0.070676475 0.21917343125 0.0670417953125 0.21588153906250002 0.063718590625
0 0.7349941249999999 0.8877338531250001 0.7440291765625 0.8910895218749999 0.75101498125 0.8868638687500001 0.7523190046875 0.8627528890624999 0.7511081234375 0.8597700921874999 0.75436818125 0.8566630078124999 0.7552064953125 0.8498274015625 0.73108205625 0.8477146015624999 0.7305567828124999 0.8562138171875 0.7308026203125 0.8782883078125 0.73247925 0.8828868015625 0.7349941249999999 0.8877338531250001
0 0.3863870453125 0.9851564078124999 0.3807606375 0.9940918734374999 0.38859369374999997 0.998492553125 0.3961222828125 0.9945090578125001 0.3911897515625 0.9842904328125 0.3863870453125 0.9851564078124999
0 0.47477478125 0.7235335453125 0.47365520156249996 0.7277221796875 0.4734767515625 0.7605976328125 0.49190876718750004 0.7599048671874999 0.493206796875 0.7245727265624999 0.47477478125 0.7235335453125
0 0.49482613750000004 0.7025369953125 0.49364660625 0.7045448140625 0.49670322968749997 0.7082022125 0.49875909218750003 0.706472825 0.49482613750000004 0.7025369953125
0 0.5684236515625 0.7182922078125 0.5659287046875 0.72487628125 0.5697045625 0.7265894687500001 0.573690740625 0.7186621 0.5713066828125 0.7172565109375 0.5684236515625 0.7182922078125
0 0.4394902421875 0.7396844578125 0.44047640781249997 0.7410550125 0.44372058125 0.7368009109375 0.44265784375 0.73523360625 0.4394902421875 0.7396844578125
0 0.210968915625 0.9518983593750001 0.21570644374999998 0.9573122875 0.22017141406250001 0.9469600874999999 0.2162703546875 0.9438903406250001 0.210968915625 0.9518983593750001
0 0.025552603125 0.7880002765625 0.027866039062499997 0.7943925765625 0.0369247109375 0.7903511812499999 0.0346823328125 0.7858631484374999 0.025552603125 0.7880002765625
0 0.0082204359375 0.6421655546875 0.013044175 0.642017025 0.011000699999999999 0.63346198125 0.0050659125 0.6378851 0.0082204359375 0.6421655546875
0 0.0310506234375 0.641024103125 0.032868484375 0.635388175 0.038215146875 0.6300376234375 0.0360764734375 0.6262565625 0.0314248875 0.6293955546875 0.030725984374999998 0.6346524812500001 0.026185173437499997 0.6336760015625 0.024313846875 0.6356022015625 0.0310506234375 0.641024103125
0 0.1303467046875 0.5890961421875 0.1278157015625 0.5894177734375 0.1214279328125 0.58636225 0.1181889796875 0.5955103078125 0.125164178125 0.6042128515625 0.1343239640625 0.5985842906250001 0.1356497640625 0.5916691968750001 0.1303467046875 0.5890961421875
0 0.051834114062500006 0.272594703125 0.0525572625 0.2632673734375 0.048821017187499996 0.2560306328125 0.0442411046875 0.2581212625 0.045010024999999995 0.26602006093749997 0.04713368125 0.2661620421875 0.0489415375 0.272273071875 0.051834114062500006 0.272594703125
0 0.472880959375 0.3186315984375 0.4747193328125 0.31735179687500004 0.4738400921875 0.31287243125 0.4651276953125 0.31745843281249997 0.4591329453125 0.3217245015625 0.45921285625 0.3222577546875 0.4629696015625 0.3224710625 0.46411651249999997 0.32533265 0.47527884531250003 0.32236440312500003 0.47519891718749996 0.320551346875 0.472880959375 0.3186315984375
0 0.460899725 0.2314702875 0.46193050468749997 0.2330783671875 0.4695238875 0.2282790453125 0.46856470312500004 0.225932715625 0.460899725 0.2314702875
0 0.558989678125 0.1568437296875 0.5585962609374999 0.15876850625 0.5592519421875 0.16092657500000002 0.5613064578125 0.162151428125 0.5619184374999999 0.16156816406250002 0.5616944796875 0.160775684375 0.563229809375 0.15976005625 0.56288011875 0.157601971875 0.5607381890625 0.15573553281250002 0.558989678125 0.1568437296875
0 0.7617372375 0.4439355625 0.7617372375 0.44730868125 0.7638026140624999 0.449035853125 0.7679828578125 0.44651499843750003 0.7650087484375 0.441356115625 0.7618859375 0.44353873281249995 0.7617372375 0.4439355625