0 0.1682887125 0.3396550265625 0.15776775625 0.3355403484375 0.15268865 0.3396550265625 0.149315975 0.352100371875 0.1675631296875 0.364585025 0.1722794921875 0.365311171875 0.1753632390625 0.351514921875 0.1682887125 0.3396550265625
0 0.190056365625 0.4817319359375 0.19078195 0.4754388578125 0.184070225 0.4652732484375 0.1733678203125 0.468177678125 0.166773203125 0.4821113171875 0.16937709843749998 0.49407585468750004 0.17917256875 0.49601215937500004 0.1873353625 0.49213960312499994 0.190056365625 0.4817319359375
0 0.0772275953125 0.48908615781250003 0.07595781874999999 0.49271677187499996 0.073962459375 0.49513712656250003 0.071551959375 0.4977803890625 0.07886015468749999 0.5016722109375 0.0813997078125 0.49804159531250003 0.08012993125 0.4910225 0.0772275953125 0.48908615781250003
0 0.500661759375 0.013692110937499998 0.49560471250000004 0.02143951875 0.49110950937500003 0.025688078125000003 0.4916714125 0.031436153125 0.4916714125 0.0399332734375 0.4920459609375 0.0356847203125 0.49916340468750003 0.0381838625 0.5015983109375 0.03118621875 0.5021602140625 0.020689753124999998 0.500661759375 0.013692110937499998
0 0.5562898703125 0.1929852 0.5574137171875 0.185737634375 0.5472994640625 0.1582468640625 0.49279515781249994 0.19048603749999998 0.492420609375 0.1947346109375 0.492420609375 0.195484321875 0.49878875625 0.21547761875 0.5036586078124999 0.2187264921875 0.520890165625 0.2109791375 0.5562898703125 0.1929852
0 0.356815353125 0.1924853296875 0.3496979296875 0.183988225 0.3448281265625 0.1824886953125 0.345951953125 0.185737634375 0.3480122296875 0.1902360890625 0.3523201296875 0.1947346109375 0.356815353125 0.1924853296875
0 0.37723104375 0.34123336718749997 0.370300934375 0.33648495 0.3680175765625 0.343806584375 0.3747961578125 0.3479811015625 0.37723104375 0.34123336718749997
0 0.3317783015625 0.2290201921875 0.329528546875 0.22586823906250003 0.3260414671875 0.225568046875 0.32563850781250003 0.2291113265625 0.32862865 0.23652485156249997 0.330653425 0.24102764843750002 0.334253025 0.23832594375 0.3317783015625 0.2290201921875
0 0.32862865 0.1485703515625 0.3262664125 0.1484202546875 0.32406388124999996 0.1508525703125 0.3248040703125 0.1530731484375 0.327728778125 0.1530731484375 0.32862865 0.1485703515625
0 0.349829209375 0.24039130156250002 0.351988021875 0.24818774062500001 0.354474146875 0.24869808437500002 0.3531354671875 0.244104965625 0.349829209375 0.24039130156250002
0 0.4061089046875 0.2397670375 0.403240353125 0.2349187390625 0.3961644296875 0.23517391718749997 0.39539947343750004 0.24206357656250002 0.397311875 0.2509946234375 0.402857825 0.24997395 0.40515275468749995 0.2515049671875 0.4070650953125 0.2461463390625 0.4061089046875 0.2397670375
0 0.6857150515625 0.29134555 0.6817732390625 0.28815792500000004 0.6771147875 0.298358259375 0.6810565484375 0.30186464375 0.6829677328125 0.3004302234375 0.6857150515625 0.29134555
0 0.633874684375 0.3061678859375 0.6336357578125 0.3150931765625 0.633874684375 0.32067148125 0.6337552390625001 0.323221571875 0.6208548703125001 0.3362907375 0.6265883328124999 0.3425065609375 0.63076900625 0.349200528125 0.6342330296875 0.35748829843749996 0.6359053 0.3613134421875 0.6437888593750001 0.35557574375 0.6434305140625 0.3517506171875 0.6458194359375 0.348881778125 0.651075171875 0.34696920625 0.6533446515625 0.3461723296875 0.65167238125 0.3397971125 0.6484473234375 0.3280029671875 0.6418776875 0.3162088375 0.6366219515625 0.32067148125 0.6343524734375 0.3236997234375 0.638055359375 0.3173244984375 0.6403248375 0.31063053125 0.6435499578125 0.2994739203125 0.645222228125 0.2894329703125 0.644027721875 0.2795514203125 0.6427138234374999 0.2773200984375 0.6416387609374999 0.2779576 0.6406831828125 0.2797107875 0.64020541875 0.280348296875 0.635054015625 0.2764725453125 0.6366219515625 0.284332815625 0.6359053 0.29102679062500003 0.6345913750000001 0.29692385625 0.633874684375 0.3061678859375
0 0.59318425 0.328830528125 0.5892813984374999 0.3297353390625 0.5880479453125 0.338871478125 0.5906758453125 0.339509021875 0.592945309375 0.33409007343749997 0.59318425 0.328830528125
0 0.5457634453125 0.3401465390625 0.5471968140625 0.3403058984375 0.5488690843749999 0.33775581718750003 0.547555159375 0.33201814375 0.5452856171875 0.325642928125 0.5430161390625 0.32229594375000004 0.5409854984375 0.32357098125 0.54241890625 0.3299461890625 0.5428966953125001 0.33297442187500004 0.543255040625 0.33711829843749996 0.5457634453125 0.3401465390625
0 0.5556775828125 0.349071828125 0.5555581640625 0.34556544375 0.5518552531250001 0.344290425 0.548733965625 0.3495345984375 0.55101911875 0.352100053125 0.553049759375 0.352100053125 0.5556775828125 0.349071828125
0 0.5192079984375 0.3687184109375 0.514960478125 0.3687184109375 0.5127305140625 0.3722606296875 0.5128367 0.3766529609375 0.5160223328125 0.3787782890625 0.5205244953125 0.3729598953125 0.5239865140625 0.369851928125 0.5228184406249999 0.3657429546875 0.5192079984375 0.3687184109375
0 0.553931734375 0.36701815625 0.5493655890625 0.380336859375 0.5493655890625 0.38189545156250004 0.5468170578125 0.38600439531249997 0.548581321875 0.387090653125 0.5506398828125 0.3828872703125 0.5534007609375 0.3799118140625 0.5573297703125 0.36900179375 0.553931734375 0.36701815625
0 0.5382157750000001 0.41150830625 0.5370477 0.41604233125 0.5314197234375 0.42312676875 0.5331593578125 0.42452476250000004 0.5414014640625 0.42411858750000003 0.54172003125 0.40669091875 0.5371538859375 0.40598247656249997 0.5382157750000001 0.41150830625
0 0.5082705890625 0.4812462453125 0.5055096531250001 0.47657055000000004 0.5027487749999999 0.4794043140625 0.5065715421875 0.4888974265625 0.5090139109375 0.4903143265625 0.5082705890625 0.4812462453125
0 0.5955576828125 0.45347532187499995 0.5959620578125 0.4562569890625 0.5991681468750001 0.45645077812499996 0.60150425 0.45404209531250006 0.5992742875 0.45163339062499996 0.5955576828125 0.45347532187499995
0 0.4832100265625 0.41564453125 0.47917485312499997 0.414936084375 0.47890377031250003 0.42080614218749995 0.48448428593750004 0.42343739375 0.4851214203125 0.419895178125 0.4832100265625 0.41564453125
0 0.3854115234375 0.5572410125 0.382423553125 0.555440471875 0.37933913750000003 0.5582698749999999 0.37769338124999996 0.5595090203125 0.380303009375 0.5661151 0.3857006859375 0.5647003859375 0.38550793906249997 0.560327634375 0.3854115234375 0.5572410125
0 0.46245940625 0.2213288109375 0.46018821406250005 0.229696528125 0.46221632343749997 0.23182277343750002 0.46525848906249995 0.2252507671875 0.46245940625 0.2213288109375
0 0.71488910625 0.200224584375 0.71332758125 0.197620040625 0.7089417625000001 0.196694609375 0.7105947828125 0.2092537703125 0.7129371109375 0.2104692359375 0.7158000390625 0.2043919125 0.71488910625 0.200224584375
0 0.6573702031249999 0.12188053125000001 0.65635169375 0.12188053125000001 0.6577606046875 0.131951521875 0.65919206875 0.13056242499999998 0.661013934375 0.13108335937499999 0.6619248671875 0.12222780468750001 0.656589440625 0.12101234062499999 0.6573702031249999 0.12188053125000001