0 0.9005861375 0.049467534375 0.9007086781250001 0.045543225 0.8956844046875 0.0427635296875 0.883316165625 0.0493307109375 0.9027919593749999 0.080371459375 0.9029145015625 0.054209428125 0.9005861375 0.049467534375
0 0.8932335 0.0942700625 0.8931109578124999 0.0908362921875 0.8901698078125 0.0890376359375 0.88208184375 0.087893046875 0.8802436968749999 0.0810255078125 0.88171419375 0.07235933125 0.884287640625 0.0681079953125 0.8850229140625 0.0641837109375 0.88097891875 0.06156748125 0.87795549375 0.0613466421875 0.8787731234375 0.092307915625 0.88661603125 0.09099979999999999 0.889924725 0.091326815625 0.8932335 0.0942700625
0 0.8710527828125001 0.1448584203125 0.870317534375 0.14207872500000002 0.8663960546875 0.138644946875 0.8648754546875 0.14173894375 0.8667637046875001 0.1461665265625 0.869704775 0.14583951875 0.8710527828125001 0.1448584203125
0 0.706230784375 0.36497557187499996 0.7113337828125 0.34105687812499996 0.68751978125 0.33197824531250003 0.682940165625 0.35607153281250004 0.6828093234375 0.356246096875 0.706230784375 0.36497557187499996
0 0.66245605625 0.3755576 0.6623973140625 0.387181965625 0.6675003125 0.387181965625 0.667892853125 0.3756590875 0.66245605625 0.3755576
0 0.6592570046875 0.47660510624999997 0.6626590125 0.47468462968749997 0.66121970625 0.47189122499999997 0.6574251578125 0.4729387375 0.6553316265625 0.47189122499999997 0.6542137859375 0.474225475 0.654023178125 0.47468462968749997 0.6566400906250001 0.4778272296875 0.6592570046875 0.47660510624999997
0 0.7058382437499999 0.4884771703125 0.7067541671875001 0.4877788265625 0.7067541671875001 0.484461615625 0.7036138578125 0.4753829828125 0.7009199796875001 0.4772802078125 0.7025670921875 0.48515996875 0.7043989390625 0.488127984375 0.7058382437499999 0.4884771703125
0 0.7146049359375 0.44098897031249995 0.7160442828125 0.439766846875 0.7149974765625 0.43522753124999997 0.71224970625 0.427545615625 0.7092402812499999 0.42475219218750004 0.7080174890625 0.4280990078125 0.7084551718750001 0.43121198437499997 0.71094124375 0.4355766890625 0.7146049359375 0.44098897031249995
0 0.716175125 0.484461615625 0.70412530625 0.49133197968750003 0.711202940625 0.49580990937499997 0.7157825578125 0.4924927078125 0.716175125 0.484461615625
0 0.6927536640625 0.557681609375 0.69393124375 0.5555865390625 0.6914452 0.547031678125 0.684435440625 0.5481500140625 0.6867346999999999 0.5541898046875 0.6897441671875 0.5592529093749999 0.6927536640625 0.557681609375
0 0.420724628125 0.3309480609375 0.4213873890625 0.34421010625 0.4282809453125 0.342273659375 0.42755529374999995 0.32702418906249997 0.420724628125 0.3309480609375
0 0.3533590984375 0.4192471859375 0.35172646875 0.416342521875 0.34454254375 0.416921953125 0.3446515296875 0.426024728125 0.3513636046875 0.42723503125000006 0.35408478906249996 0.42723503125000006 0.3533590984375 0.4192471859375
0 0.30292746406250004 0.39939866562500004 0.31326779843749997 0.393831425 0.3160194828125 0.3873966484375 0.310183846875 0.386811796875 0.3061928 0.3909267625 0.30292744531250004 0.3955258109375 0.30292746406250004 0.39939866562500004
0 0.5136008999999999 0.6198992953125 0.5136008999999999 0.6159067890625 0.511743653125 0.612327325 0.5081324015625001 0.612327325 0.5059498687499999 0.6186846953125 0.5077197 0.621000659375 0.5104023718749999 0.6212759953125 0.5136008999999999 0.6198992953125
0 0.14809799375 0.3457242546875 0.1459916859375 0.341318684375 0.144511603125 0.3379765359375 0.14314535781249998 0.335090146875 0.14086826875 0.33273545000000004 0.13807885312499998 0.33296332500000003 0.1373388203125 0.33448248125 0.1373388203125 0.33668526249999997 0.137623440625 0.3380525046875 0.1388758296875 0.33957165312500004 0.14046978125 0.3424580625 0.1422345140625 0.34443296874999996 0.144170028125 0.3475472375 0.1441775203125 0.34719525625 0.14570706718749998 0.3483827828125 0.14661788125 0.34853469375 0.1474718 0.3470155328125 0.14809799375 0.3457242546875
0 0.1096154296875 0.3511932203125 0.10807840625000001 0.35294025625000003 0.1069398765625 0.353927703125 0.10807840625000001 0.3571938984375 0.11052626875 0.35795347187500004 0.113372603125 0.3562064359375 0.11650358125 0.352636425 0.1166743625 0.350509603125 0.1147957734375 0.3454963796875 0.11200635781249998 0.3441291390625 0.10841773750000001 0.3467965515625 0.108704609375 0.3483827828125 0.10967236093749999 0.34959810468749997 0.1096154296875 0.3511932203125
0 0.0097806703125 0.4885747421875 0.014466770312499998 0.486490496875 0.01347275 0.48336414687499996 0.0121947125 0.47872199843749996 0.0102066703125 0.47559564375 0.0059465796875 0.47673250312500004 0.006301596875 0.48137465312499994 0.007579614062499999 0.48724841249999995 0.0097806703125 0.4885747421875