0 0.42576983906250004 0.027069990625000002 0.415796096875 0.023388984374999998 0.41388616562499997 0.033016168750000005 0.4196158453125 0.0386791734375 0.42492100781250003 0.0386791734375 0.42576983906250004 0.027069990625000002
0 0.223395371875 0.36620354375 0.1960204796875 0.4265147765625 0.2051455046875 0.4392566203125 0.20960188125 0.4415217921875 0.23761333437499998 0.380361115625 0.223395371875 0.36620354375
0 0.016124206250000002 0.861590303125 0.024813946875 0.8580242609375001 0.027615115625 0.8488133703124999 0.018358540625 0.8509428437500001 0.016124206250000002 0.861590303125
0 0.5382691312500001 0.45825249687499997 0.541549284375 0.46627666874999996 0.54880234375 0.46506689375 0.5551862375 0.45314173281250003 0.54529125 0.449308625 0.5357155125 0.44504963281250004 0.533161996875 0.44845689999999994 0.5382691312500001 0.45825249687499997
0 0.9273251421875001 0.1390855609375 0.9180686874999999 0.14632584375 0.90530096875 0.15058479062500002 0.9016800375 0.1620239359375 0.9126424390625001 0.1616581359375 0.9333897515625 0.14845527187500002 0.9273251421875001 0.1390855609375
0 0.9824236031250001 0.732152671875 0.972145940625 0.719649090625 0.962775165625 0.711582284375 0.9549157656249999 0.7192457421875 0.9521952921875 0.7305392546875 0.9565324687500001 0.74200541875 0.9648911531250001 0.7434461828125001 0.9775870781249999 0.7434461828125001 0.9824236031250001 0.732152671875
0 0.9443186765625 0.8384606531250001 0.943611109375 0.8430238250000001 0.9445545624999999 0.852150209375 0.946795153125 0.8515208062499999 0.9460875859375 0.8444399875 0.9443186765625 0.8384606531250001
0 0.9670786859374999 0.8626927828125 0.9689655437500001 0.8675706546875 0.9697131125 0.8648770015625 0.9716778421875001 0.8628501125 0.9722675125 0.8581295687500001 0.968493796875 0.8571854796875 0.9670786859374999 0.8626927828125
0 0.83645299375 0.9004874062500001 0.8316179640625 0.902375625 0.8289056640625001 0.9058373359375 0.8372784843750001 0.9182681265625 0.8431748546875 0.913390228125 0.8425852218750001 0.90662409375 0.83645299375 0.9004874062500001
0 0.7897537359375 0.9374649937499999 0.7859800406249999 0.9380944140624999 0.7884565171875 0.9436016984375 0.7904613046875 0.942185528125 0.790933 0.9384091078125 0.7897537359375 0.9374649937499999
0 0.71226585 0.6441833953125 0.708902828125 0.6464792187499999 0.706947596875 0.6476271140625001 0.707182225 0.651279546875 0.708981059375 0.6521143859375 0.7108580578125 0.651070853125 0.71304791875 0.6498185734375 0.7176622671875 0.6483576 0.7192264546875 0.6451225859374999 0.71617629375 0.642305009375 0.71226585 0.6441833953125
0 0.63270108125 0.9213848062500001 0.6345826390625 0.9110286859375 0.6313683359375 0.9076812203125 0.6210981515625 0.91772355 0.6269780375 0.9239999640625 0.63270108125 0.9213848062500001
0 0.6171782593749999 0.8903164234375 0.6127879609375 0.8898979859375 0.6136629234375001 0.8960021265625 0.6160806859375 0.897534325 0.61741345625 0.8958606093749999 0.6171782593749999 0.8903164234375
0 0.4961770546875 0.9695429359375 0.49688569375 0.9664698625 0.49287000625 0.9650515296875 0.4861968390625 0.963948375 0.4870236015625 0.968203396875 0.48944483437499997 0.9696217296875 0.49174795624999995 0.9696217296875 0.4961770546875 0.9695429359375
0 0.6293388015625 0.178509275 0.6609565984375 0.195922609375 0.668119665625 0.1851259625 0.6350900953124999 0.1688424765625 0.6293388015625 0.178509275
0 0.674486765625 0.20636524843749998 0.674486765625 0.20601125156250003 0.67302763125 0.2058342828125 0.6724970390625 0.2079581859375 0.6736710453125 0.2066902921875 0.68032335625 0.2122060484375 0.6827109890624999 0.2058342828125 0.6787315359375 0.2017633890625 0.674486765625 0.20636524843749998