0 0.6487119203125 0.0037052890625 0.6405490671875 0.0005587765625 0.6305006609375 0 0.6285768468749999 0.009998315625 0.636558346875 0.017985615625 0.6427257796875 0.01992190625 0.6487119203125 0.0037052890625
0 0.6583535671875 0.2387762984375 0.6633709140625 0.2374542265625 0.6606612515625 0.231026721875 0.6567473703125 0.23464220156249999 0.6583535671875 0.2387762984375
0 0.756602378125 0.1382653328125 0.7597127687499999 0.14224708125000002 0.763325575 0.1382298984375 0.7597127687499999 0.1356187359375 0.756602378125 0.1382653328125
0 0.7190685218749999 0.28838743125 0.719821234375 0.29421232812500003 0.726595275 0.2924046109375 0.7213265796874999 0.27734018125 0.7190685218749999 0.28838743125
0 0.8447489406249999 0.2720718015625 0.8352652859375 0.2712683796875 0.83562286875 0.27813723437500004 0.8405339828124999 0.28693536875 0.84339409375 0.286131925 0.8447489406249999 0.2720718015625
0 0.719353915625 0.4170919890625 0.721913015625 0.4257288734375 0.7214613937500001 0.43235720781250003 0.7216119484375 0.4357718109375 0.7258269046875 0.43818217343750004 0.7289881234375 0.43858383593749994 0.7303429296874999 0.4454130453125 0.7270311578124999 0.4474216796875 0.7330525265625 0.4532465390625 0.7401276359375 0.4528448765625 0.747654340625 0.4504345140625 0.7453963328125 0.42171168750000004 0.74088033125 0.416489409375 0.741934071875 0.41247218124999996 0.7426867359375 0.40102322968750004 0.7321493421875 0.3785270328125 0.7271817125 0.3819416484375 0.717999109375 0.3851553671875 0.7148378906249999 0.39841207968750003 0.71498844375 0.4054421421875 0.7170959234375001 0.41046358906249997 0.719353915625 0.4170919890625
0 0.8098710562500001 0.4266330328125 0.8109993609374999 0.423496628125 0.80977705625 0.4219911640625 0.8075204781249999 0.4219911640625 0.8042296656250001 0.426507578125 0.80358561875 0.42879022187500004 0.804793828125 0.43315673125 0.80723840625 0.43114943749999995 0.80846073125 0.42901669218749994 0.8098710562500001 0.4266330328125
0 0.6471078484375 0.6020414625 0.655181159375 0.6088916984375 0.659652771875 0.600456290625 0.65070958125 0.5946955203125001 0.6471078484375 0.6020414625
0 0.533522359375 0.7173176406249999 0.5319804203125 0.722461159375 0.532440753125 0.7229948687500001 0.5370688125 0.726164509375 0.542773978125 0.722872653125 0.5359894578125 0.7173176406249999 0.533522359375 0.7173176406249999
0 0.5209248640624999 0.7784835421875 0.5164269984375001 0.7891935328125 0.5200541171874999 0.79274255625 0.5232204953124999 0.7796453859375 0.5209248640624999 0.7784835421875
0 0.4383695859375 0.34250486874999997 0.4326137765625 0.34083530624999997 0.4290011671875 0.35125075781250004 0.4324886546875 0.3563621828125 0.43574195156249995 0.350184834375 0.4383695859375 0.34250486874999997