0 0.2798453890625 0.0090718078125 0.292970546875 0.08192566875 0.3251818890625 0.0723745328125 0.3108657203125 0.0055170328125 0.2798453890625 0.0090718078125
0 0.5148785921875 0.07512846875 0.504291821875 0.06276829687499999 0.5017462109374999 0.073793990625 0.5148785921875 0.07512846875
0 0.535257984375 0.3735384265625 0.5418746671875 0.385545346875 0.5500793625 0.371772590625 0.5445213453125 0.3636502890625 0.535257984375 0.3735384265625
0 0.7335411359374999 0.3739668453125 0.7124610984374999 0.3926264046875 0.7184551 0.4008061234375 0.7293065296875 0.3958620546875 0.74201051875 0.38385498125 0.7335411359374999 0.3739668453125
0 0.27081525625 0.35400743281249997 0.264997765625 0.364692065625 0.267836846875 0.3663273171875 0.27429009843749996 0.357451696875 0.274687221875 0.3521528296875 0.27081525625 0.35400743281249997
0 0.2433905796875 0.4289764609375 0.23793008906250002 0.42592961406249996 0.23407556875000002 0.43144521718749995 0.238227934375 0.43520262968749995 0.24120639531250002 0.43387789843749996 0.2433905796875 0.4289764609375
0 0.0445409421875 0.5270861499999999 0.0468885078125 0.532076721875 0.056045835937499996 0.52953113125 0.05337495 0.52163989375 0.0445409421875 0.5270861499999999
0 0.16421671875 0.5132395859375001 0.1623789296875 0.5168422015624999 0.1666968328125 0.5198580015625 0.1701308265625 0.517567 0.167459940625 0.5104394343750001 0.16421671875 0.5132395859375001
0 0.1224364828125 0.5727268296875 0.1269941515625 0.5751881703125 0.128922865625 0.569163046875 0.1245350328125 0.5661083875 0.1224364828125 0.5673811546875001 0.1224364828125 0.5727268296875
0 0 0.6858603484375 0.002479790625 0.6914347171874999 0.0100684390625 0.6873877187499999 0.0035820265625 0.6749144375 0 0.6779691109375 0 0.6858603484375
0 0.41788846875 0.7575838234375001 0.418909575 0.7570101703125001 0.420199375 0.7560779578125 0.41944699218750003 0.7535681828125 0.4185871125 0.7527076875 0.42003815 0.7501979109375 0.41976942656249994 0.7472578890625 0.41874835 0.746684225 0.4105796046875 0.7487637546875 0.4107408296875 0.7502696203125 0.404959434375 0.754099509375 0.4072476375 0.7541418546875 0.40848368125 0.7571535859375 0.4088061328125 0.75937653125 0.41788846875 0.7575838234375001
0 0.497328221875 0.7964796046875 0.50106083125 0.7989191296875 0.5033568859375 0.7939831484375001 0.49996143281250005 0.7904696359375001 0.497328221875 0.7964796046875
0 0.6350974484374999 0.34625872968750004 0.6386383453125 0.3550942515625 0.6431475640625 0.35103265 0.6407623359375 0.3438717421875 0.6350974484374999 0.34625872968750004
0 0.5530608875 0.2795561875 0.550470628125 0.2854874265625 0.55634056875 0.2867171 0.5574337953125 0.283932303125 0.5530608875 0.2795561875
0 0.42730396718749997 0.31323898125 0.42613154062499997 0.318202634375 0.4286953484375 0.3201346640625 0.43068305 0.3140346421875 0.42730396718749997 0.31323898125
0 0.3044428078125 0.2362443109375 0.3099148390625 0.23738441406250002 0.31093599375 0.2260514875 0.30291500625 0.23140272031250003 0.3044428078125 0.2362443109375
0 0.098589440625 0.3521515921875 0.10158787031250001 0.3587973390625 0.10866041093750001 0.3503678078125 0.1072344140625 0.34727593749999996 0.098589440625 0.3521515921875
0 0.12541561406249999 0.36475689375 0.1224846734375 0.3710733140625 0.1278219203125 0.37962165 0.1326346078125 0.373318984375 0.12987178125 0.36772985468749997 0.12541561406249999 0.36475689375