0 0.130717740625 0.25714999375 0.13453744375 0.251487003125 0.1341130171875 0.24214300781250003 0.1271101484375 0.24129351875 0.1247759046875 0.247239696875 0.13123437031250001 0.2533727359375 0.131778728125 0.25375217499999997 0.132839828125 0.2529027625 0.130717740625 0.25714999375
0 0.12286597343750001 0.29990588125 0.12083746718749999 0.31331874531250004 0.1211683125 0.3134971390625 0.13050547031249998 0.3050026015625 0.12286597343750001 0.29990588125
0 0.26566663749999997 0.3868208625 0.2691445625 0.3902169328125 0.27233019375 0.3802222109375 0.26880016875 0.378958503125 0.26566663749999997 0.3868208625
0 0.21022615937500003 0.3741575109375 0.213438796875 0.381945434375 0.21705493593749997 0.37907339375000004 0.212922184375 0.3712614203125 0.21022615937500003 0.3741575109375
0 0.1892853265625 0.3596851109375 0.190794865625 0.361496453125 0.1953580921875 0.3594285765625 0.19406659843750002 0.35609699687499996 0.1892853265625 0.3596851109375
0 0.044002498437499996 0.604228321875 0.0473001359375 0.60757495 0.055904390625 0.5988007546875 0.051384659374999996 0.5897547656250001 0.041140065625 0.5988007546875 0.044002498437499996 0.604228321875
0 0.026375740624999998 0.663127753125 0.0262109015625 0.66912633125 0.029539525 0.6667461671875 0.029087520312499997 0.6641328546875 0.026375740624999998 0.663127753125
0 0.12385041875 0.6172947453125001 0.1193307046875 0.615083528125 0.11496170624999999 0.61548555 0.11399483749999999 0.633602390625 0.127014203125 0.6339795828125 0.12882205625 0.6241295078125 0.12385041875 0.6172947453125001
0 0.1027585265625 0.616892703125 0.0991427875 0.6170937515625 0.0952257109375 0.6211141640625 0.0950750125 0.6275468625 0.0982388109375 0.628954015625 0.10471703125000001 0.6265417828125 0.1027585265625 0.616892703125
0 0.097309234375 0.5087347062500001 0.0873009203125 0.506423396875 0.081911796875 0.507193865625 0.08537623125 0.513870990625 0.08467555 0.514234315625 0.096154478125 0.5303069515625001 0.1034682921875 0.5261979546875 0.1036607546875 0.5118164578125 0.097309234375 0.5087347062500001
0 0.0312924703125 0.16697657187499998 0.035526837500000005 0.1723696328125 0.038798746875 0.169287875 0.036296709375 0.16594930624999998 0.0312924703125 0.16697657187499998
0 0 0.25586543281249996 0.011468243749999999 0.2535717484375 0.0095435125 0.2427856265625 0 0.24509694999999998 0 0.25586543281249996
0 0.140580659375 0.21991845781250002 0.14350179375 0.20862957343750002 0.14022976250000002 0.20837276875000002 0.13811267031250002 0.21582032187500003 0.140580659375 0.21991845781250002
0 0.0685102171875 0.4297589234375 0.07270849375 0.425560984375 0.06751183281249999 0.423249659375 0.06462480781249999 0.42735867031249997 0.0685102171875 0.4297589234375
0 0.24772172499999998 0.292033403125 0.24665485468749998 0.30225861875 0.2492092515625 0.308452796875 0.25191373125 0.299070278125 0.2525898984375 0.2925746953125 0.24772172499999998 0.292033403125
0 0.176728096875 0.29131166406250003 0.1751054203125 0.29492032031250004 0.17472371250000002 0.29626035 0.1776746796875 0.2988898515625 0.18051442499999998 0.29690510937500003 0.180379203125 0.29131166406250003 0.176728096875 0.29131166406250003
0 0.152231575 0.22778680312500002 0.1494581203125 0.2300626828125 0.1496402421875 0.23378004843750003 0.152404325 0.23447158125 0.1543046359375 0.2291698296875 0.152231575 0.22778680312500002
0 0.327420096875 0.0334004125 0.3311764078125 0.0371871875 0.3349565625 0.035205329687499995 0.33553629375 0.029017025000000002 0.3320579671875 0.03133764375 0.327420096875 0.0334004125
0 0.41592534375 0.0553172703125 0.41437940781249993 0.0450034421875 0.40877531093749997 0.047066196875 0.40860869843750003 0.058842118750000005 0.4054901796875 0.05892711874999999 0.413606378125 0.0627947640625 0.41592534375 0.0553172703125
0 0.4894662453125 0.12775469687500002 0.49879243281249996 0.12236229375 0.4989479140625 0.10929608906249999 0.49879243281249996 0.0958150953125 0.489777159375 0.0954002859375 0.47526488125000005 0.1086571921875 0.47469978125 0.1192513203125 0.4813835453125 0.1273398984375 0.4894662453125 0.12775469687500002
0 0.9444524734374999 0.6056275546875 0.950160784375 0.6037149671875001 0.9530775406249999 0.596363465625 0.946595653125 0.594633709375 0.9444524734374999 0.6056275546875
0 0.048071393750000004 0.973664578125 0.052024934375 0.9828938578124999 0.0614435328125 0.9742110374999999 0.058532303125 0.966442196875 0.048071393750000004 0.973664578125