0 0.160884265625 0.13306692656250002 0.1587634734375 0.12952981562500002 0.154389571875 0.12740754375000002 0.15177775468750002 0.1338101953125 0.1558474921875 0.13908000781250002 0.15863093125 0.13925686718750002 0.160884265625 0.1369577453125 0.160884265625 0.13306692656250002
0 0.030725271874999998 0.2381190640625 0.026881434375000002 0.2333439796875 0.020784378125 0.22998371562500003 0.018653321875 0.23437781875 0.0234353046875 0.24236359843750002 0.027279070312499997 0.2420098984375 0.030725271874999998 0.2381190640625
0 0.852441415625 0.3733920234375 0.843883528125 0.3814076515625 0.8479748609375 0.390555953125 0.8576225125000001 0.38268915312499996 0.852441415625 0.3733920234375
0 0.882992225 0.4155866046875 0.87545770625 0.4218662984375 0.8769178546875 0.4275059671875 0.884421575 0.42512208906250004 0.8853148093750001 0.420115953125 0.882992225 0.4155866046875
0 0.867017084375 0.44897776250000004 0.87173664375 0.4528667515625 0.8758458515624999 0.4504828859375 0.8742378828125 0.4461919046875 0.867017084375 0.44897776250000004
0 0.7541628453125 0.6033045578125 0.7561436671874999 0.607341846875 0.7595381609375 0.604004421875 0.757572903125 0.5999517828125 0.7541628453125 0.6033045578125
0 0.6941894203125 0.46359791718750004 0.6914325421874999 0.4687017578125 0.6933530125 0.4719679296875 0.6961409953125 0.4715959203125 0.6974652609375 0.46917793437500005 0.6941894203125 0.46359791718750004
0 0.524053796875 0.6441283234374999 0.5219191515625 0.640647103125 0.5208518296875 0.6368494 0.5167011265625 0.6387482609374999 0.5130248078124999 0.6403306546875001 0.5119574671875 0.6452359859375 0.5167862375000001 0.649917425 0.516226775 0.6537808218750001 0.5209704359375 0.65520495 0.5228678999999999 0.651565496875 0.524053796875 0.6441283234374999
0 0.524053796875 0.593017609375 0.529390415625 0.5942835296875 0.5286788890625 0.5893781640625 0.5284417 0.585422228125 0.5254769031250001 0.582890403125 0.5200216890625 0.58225745625 0.5144478875 0.5827321875 0.515159453125 0.5865298906249999 0.51978450625 0.5901693531250001 0.5199031140625 0.595707665625 0.5223935359375 0.59396705625 0.524053796875 0.593017609375
0 0.54053801875 0.54665401875 0.53709886875 0.546179303125 0.5375371328125 0.5508002703125 0.5401822421875 0.5529835125 0.5433842171875 0.5507681859375 0.542791290625 0.5474451984375001 0.54053801875 0.54665401875
0 0.964007059375 0.7077275953125 0.9630562234375001 0.6963086125 0.9628660531250001 0.6909797609375 0.9564000234375 0.6902185140625 0.9531669687500001 0.6960548656250001 0.9491971015624999 0.7008022765625 0.9514554265624999 0.7130564453125 0.9573508593750001 0.7150864828125 0.9636267578125001 0.7138177 0.964007059375 0.7077275953125
0 0.873672909375 0.7777639359374999 0.87043995625 0.7861378453125 0.87709615625 0.7889291171874999 0.881470178125 0.7797939796875 0.873672909375 0.7777639359374999