0 0.53076400625 0.5427668671875 0.5219667890624999 0.5801282875 0.541829553125 0.589257121875 0.5513194609375 0.552152975 0.53076400625 0.5427668671875
0 0.5376363234375 0.54243521875 0.5378570140625001 0.52859475 0.5330810296874999 0.527824953125 0.5325602890625001 0.5235886296875 0.5321188375 0.5418462671875 0.5376363234375 0.54243521875
0 0.520678553125 0.976483846875 0.5254956921875 1 0.5369583625 0.9989300109375 0.5315317984375 0.990241171875 0.520678553125 0.976483846875
0 0.546183515625 0.9576579593749999 0.528818371875 0.9467970171875001 0.529361184375 0.9605542265624999 0.5418421140625 0.9706911984375 0.5378395499999999 0.988711753125 0.5510672671875 0.993861525 0.5488967687499999 0.9851726859375001 0.546183515625 0.9576579593749999
0 0.7606899687500001 0.68507425625 0.763593403125 0.695586046875 0.7742076140624999 0.6927999765624999 0.7710755390624999 0.6830486734375001 0.7606899687500001 0.68507425625
0 0.4846327875 0.757490515625 0.4837895703125 0.7559021234375 0.482847153125 0.756696321875 0.4811607171875 0.7564315859375 0.47495667656249996 0.7608456078125 0.47684542656250006 0.7651015609375 0.48344236250000006 0.7601378328124999 0.4835415671875 0.758615625 0.4846327875 0.757490515625
0 0.46196512968750003 0.7807869421875 0.4595842796875 0.7832357140624999 0.4641475671875 0.7920380546875 0.46647882812499997 0.7900525640625 0.46196512968750003 0.7807869421875
0 0.5642576015625 0.9065325640624999 0.562576725 0.9054560359374999 0.56123205 0.9050971750000001 0.5602907625 0.9041103453125 0.559349475 0.9053663125 0.5600890578125 0.9068914250000001 0.5605161640625 0.9085878890625001 0.56250949375 0.9120947125000001 0.5647282453125 0.911018159375 0.5657367796874999 0.9088650734374999 0.5642576015625 0.9065325640624999
0 0.32877310625 0.809303946875 0.3318011640625 0.8121585953125001 0.3378301265625 0.8017480703125001 0.3286093359375 0.80931936875 0.32877310625 0.809303946875
0 0.3748313765625 0.7954386718750001 0.37317636875 0.7921262390625 0.37076363125 0.7955047375000001 0.37187599531250004 0.7971737796875 0.3750677734375 0.79985525 0.3748313765625 0.7954386718750001
0 0.33913048749999997 0.7024721046875 0.34279515 0.7031030671875 0.3458687296875 0.70262984375 0.3470508796875 0.698844203125 0.33913048749999997 0.69679366875 0.333456171875 0.6956895078125 0.3302210546875 0.69780633125 0.333456171875 0.7021566359375 0.33629332968750003 0.7038917437500001 0.33913048749999997 0.7024721046875
0 0.2611086671875 0.7327572234375 0.26063580937499997 0.732441746875 0.2605126453125 0.7328563234375001 0.26276367500000003 0.7396975515624999 0.2656008328125 0.7376470171875 0.2644186828125 0.7318108265625 0.2611086671875 0.7327572234375
0 0.29314488125 0.756921025 0.29208098125 0.756921025 0.2910170171875 0.7540817734374999 0.289243796875 0.752977628125 0.28740312968750004 0.756038996875 0.289834865625 0.7594447828125 0.2914898734375 0.759917990625 0.29326313125 0.759917990625 0.29314488125 0.756921025
0 0.266613946875 0.7700406453124999 0.268978246875 0.772091209375 0.2679592421875 0.7709421437499999 0.27039685625 0.766570478125 0.268978246875 0.766097275 0.2675596984375 0.7683055640625 0.266613946875 0.7700406453124999
0 0.24923636562499998 0.8170456796875 0.2463992078125 0.8194116828125001 0.2463992078125 0.8235127921875 0.24876350781249998 0.8236705484375 0.2508913734375 0.8213045031249999 0.24923636562499998 0.8170456796875
0 0.1828574671875 0.9431294671874999 0.1870553796875 0.9423479 0.189656090625 0.937931321875 0.1887103875 0.9308332546875 0.18279964375 0.9314641765625 0.18031713124999998 0.936196221875 0.1828574671875 0.9431294671874999
0 0.130122990625 0.9281195578125001 0.1328317484375 0.941667615625 0.13922708125 0.938136603125 0.1363602390625 0.92504235 0.130122990625 0.9281195578125001
0 0.061210865625 0.7576957875 0.0437386875 0.75973448125 0.048011937500000004 0.7623814234374999 0.050797040625 0.76787488125 0.061210865625 0.7576957875
0 0.067749825 0.778538696875 0.0700505265625 0.7757919546875 0.065327971875 0.7654513109375001 0.059629906249999996 0.770477059375 0.06278505625 0.7754688187500001 0.064843634375 0.77401465625 0.067749825 0.778538696875
0 0.035781709375 0.740084340625 0.034934070312499996 0.736691309375 0.030211528124999998 0.7378223203125 0.0303900625 0.738532025 0.032270079687499995 0.7470319890625 0.0344497203125 0.749132425 0.036992635937500004 0.74751669375 0.035781709375 0.740084340625
0 0.089361659375 0.4053317859375 0.088591028125 0.40165945000000003 0.08528835312500001 0.3966650515625 0.08374709062499999 0.396811925 0.0834928828125 0.40131278750000005 0.08374709062499999 0.40680074531250004 0.08605898437500001 0.4073883125 0.08892130000000001 0.406213171875 0.089361659375 0.4053317859375