0 0.618086309375 0.04005320625 0.6145513375 0.03769485 0.6072457859375 0.0416254359375 0.60524264375 0.0449271359375 0.6048891453125 0.0521594453125 0.6051247765625 0.051373320312500005 0.6130195453125 0.0531027890625 0.6192645921875 0.048386073437499996 0.6206785796875 0.0442982515625 0.618086309375 0.04005320625
0 0.631401275 0.09885495 0.631283471875 0.1021566515625 0.6341114 0.1040433140625 0.6352897328125 0.1018421796875 0.6341114 0.097911584375 0.631401275 0.09885495
0 0.5447948921875 0.092251546875 0.5410243015625 0.0914654265625 0.5410243015625 0.09759715468749999 0.5425560796875 0.0997982890625 0.5450305859375 0.0982260390625 0.5447948921875 0.092251546875
0 0.483404528125 0.0788875140625 0.483404528125 0.0755858125 0.4817548828125 0.0721268671875 0.4789269046875 0.0768436078125 0.4791625671875 0.0803025109375 0.48128353749999997 0.082189215625 0.483404528125 0.0788875140625
0 0.521110690625 0.0873776046875 0.5194610453124999 0.09240875 0.521817684375 0.0964965875 0.5257061671875001 0.092251546875 0.521110690625 0.0873776046875
0 0.6511970203125 0.033292581249999995 0.6533180546875 0.0285758578125 0.65343583125 0.023230253125 0.6508435859375 0.0218152265625 0.6472863796875 0.03422905625 0.649429546875 0.036594282812500004 0.6532002265625 0.0367515046875 0.6511970203125 0.033292581249999995
0 0.547102746875 0.17958450312500002 0.54723186875 0.1830688171875 0.5550633609375 0.1853726703125 0.555001696875 0.1814231953125 0.547102746875 0.17958450312500002
0 0.38181136250000003 0.18650256875 0.37496081718749996 0.1751274171875 0.3664356984375 0.1964558078125 0.375113046875 0.20194022031249997 0.3767876703125 0.1932057734375 0.38181136250000003 0.18650256875
0 0.41012693437500003 0.15156465 0.4079956546875 0.148314603125 0.40500627656250004 0.153332275 0.4041898 0.153595915625 0.40708229375 0.15603345625 0.41012693437500003 0.15156465
0 0.3202106921875 0.2714676984375 0.3234506828125 0.2821263828125 0.3320013625 0.27451785625 0.3295950734375 0.26633057187500003 0.3267075609375 0.26520683125 0.3202106921875 0.2714676984375
0 0.34429227500000004 0.3630205359375 0.343551375 0.36817121875000003 0.353537353125 0.3715424421875 0.35365766249999997 0.3660842484375 0.34429227500000004 0.3630205359375
0 0.41397477031249996 0.3065631578125 0.41742356249999996 0.3062048921875 0.41730322812500004 0.3015493890625 0.41397477031249996 0.3065631578125
0 0.5950058375 0.7100044890625 0.581447603125 0.719612153125 0.5853819984374999 0.726954865625 0.5951982265625 0.720277428125 0.5950058375 0.7100044890625
0 0.409596228125 0.554648825 0.4158136265625 0.560748853125 0.4191052734375 0.555380828125 0.41800803125 0.5500128281250001 0.41179057500000005 0.5509888609375 0.4092304484375 0.5505008640625 0.3908272390625 0.567985515625 0.39405260625 0.5709968421875 0.401915846875 0.561968815625 0.409596228125 0.554648825
0 0.3273063875 0.5856368234375 0.3217125265625 0.5863430421875 0.32547772343750003 0.6002767796875 0.3307808953125 0.5975928125000001 0.3273063875 0.5856368234375
0 0.289635946875 0.6439527703125 0.290184546875 0.638096771875 0.283967090625 0.63321674375 0.280858421875 0.6383407390625 0.28250416718750004 0.6429767484375 0.28616149687500003 0.6466367640625 0.289635946875 0.6439527703125
0 0.3220032734375 0.65844259375 0.3226257953125 0.6567813203124999 0.3263921046875 0.6567345953125 0.32694070468750003 0.6528306015625 0.3247462609375 0.6494146046875 0.321454671875 0.6503906125000001 0.3220032734375 0.65844259375
0 0.3476045421875 0.7682894421875 0.3505304484375 0.7599934296875 0.347970321875 0.753649434375 0.33963115625 0.75582996875 0.33809549687499996 0.7597494499999999 0.341752865625 0.7653614296875 0.3476045421875 0.7682894421875
0 0.35766222812500004 0.8173334062500001 0.35850971249999997 0.8177332546875 0.35949089375 0.8236774015625 0.3697314 0.8214813671875 0.36735413437500003 0.813917409375 0.35766222812500004 0.8173334062500001
0 0.1482857953125 0.6994766328125 0.1487041453125 0.7036294937500001 0.155104471875 0.705581490625 0.155653034375 0.7007014890625001 0.1482857953125 0.6994766328125
0 0.25586372343749997 0.9359172484375 0.25515761875 0.9428205828125 0.2595210921875 0.9393332453125 0.25970391406250004 0.9290852562499999 0.2571437875 0.9320133203125 0.25586372343749997 0.9359172484375
0 0.0181426140625 0.8619825343749999 0.01929876875 0.8602470062500001 0.01929876875 0.8583186171875001 0.01929876875 0.8563902499999999 0.016697378125000002 0.8471341203125 0.0119937953125 0.85039374375 0.01510765625 0.8588971515624999 0.0171309625 0.8600541453125 0.0181426140625 0.8619825343749999
0 0.02493511875 0.863910903125 0.0233453796875 0.8585114796875001 0.01741998125 0.8652607578125 0.0123617171875 0.8666106140625001 0.0127953015625 0.8646822453125 0.011783648437499999 0.8669962859375 0.012499557812500001 0.866588965625 0.0162638109375 0.87258851875 0.0198768703125 0.87740945 0.0285481609375 0.8656464296875 0.02493511875 0.863910903125
0 0.053550476562500005 0.872974221875 0.05447785468750001 0.8794101828124999 0.10341046406250001 0.871624365625 0.10283237812499998 0.8673819578125 0.097774115625 0.8641037125000001 0.053550476562500005 0.872974221875
0 0.110347515625 0.8548475828125 0.107077165625 0.8588287546875 0.1083242109375 0.8623681859375001 0.110636596875 0.8598613359374999 0.110347515625 0.8548475828125
0 0.12402021249999999 0.7910112640625 0.12552230625 0.7981536234375 0.12942443125 0.7948754046875 0.12754561250000002 0.7904401546875001 0.12402021249999999 0.7910112640625
0 0.0251063609375 0.6419003984375 0.018354778125000002 0.6435503578125 0.016488901562499998 0.6500450765625 0.0206180765625 0.652680125 0.025824484375 0.6490869046875 0.0251063609375 0.6419003984375
0 0.0365749296875 0.5907394703125 0.034621528125 0.6014163781249999 0.03982799375 0.60477008125 0.0443162796875 0.5942298734375 0.0365749296875 0.5907394703125
0 0.4599983734375 0.9539654453124999 0.46010030312500005 0.9538964125 0.46423585312500004 0.9682053859374999 0.47522189687500005 0.949358390625 0.469414946875 0.945798390625 0.4599983734375 0.9539654453124999