0 0.061823090625 0.139723384375 0.0592039984375 0.14101089375 0.059091210937500006 0.1429673640625 0.064580040625 0.1481841578125 0.0666477203125 0.14211448124999998 0.07147234999999999 0.13457335312500002 0.0656827953125 0.1283197484375 0.0616852640625 0.1308947640625 0.061823090625 0.139723384375
0 0.14342824999999998 0.2769349921875 0.14120599218750002 0.2823708984375 0.1472879546875 0.28631535625 0.150734115625 0.2798778171875 0.14342824999999998 0.2769349921875
0 0.175130559375 0.1427183859375 0.18148657031249998 0.15686250468750002 0.182712125 0.1533863078125 0.17816315 0.1408790875 0.175130559375 0.1427183859375
0 0.1687029140625 0.1781023859375 0.1701680875 0.1800561046875 0.174303446875 0.1754578453125 0.17209793906249998 0.1747221296875 0.1687029140625 0.1781023859375
0 0.09242613125 0.5621826015625 0.0912608546875 0.5706441625 0.09993880625 0.5723653953125 0.10158058125 0.5645416875 0.09242613125 0.5621826015625
0 0.009845521875 0.69540164375 0.012493459375 0.6950230875 0.014252500000000001 0.693927771875 0.0208196 0.6868864343750001 0.0195296359375 0.68328755625 0.012493459375 0.6922065625 0.009845521875 0.69540164375
0 0.07007288125 0.61130961875 0.068079296875 0.6124049312500001 0.06944418125 0.6185807734375001 0.0718319234375 0.6178815125 0.07417731875 0.6155344015625 0.07007288125 0.61130961875
0 0.2132635734375 0.5650323546875 0.21234492500000002 0.559638765625 0.2083026078125 0.5535096515625 0.20113677812500003 0.5576774296875 0.20397080937499998 0.563405 0.2038928625 0.5642968828125 0.2094050484375 0.5650323546875 0.2132635734375 0.5650323546875
0 0.535258040625 0.6835671328124999 0.53498258125 0.6959045109375 0.5417572125000001 0.695800684375 0.5421053828125 0.6843414015625 0.535258040625 0.6835671328124999
0 0.5705525703125 0.4775101125 0.5720834875 0.4703606234375 0.56641914375 0.4675008265625 0.5656017734375001 0.4733603265625 0.56580673125 0.476897284375 0.567643871875 0.47894001093750005 0.5705525703125 0.4775101125
0 0.662560565625 0.50447391875 0.662560565625 0.5065166 0.666859034375 0.51017326875 0.66929658125 0.507333715625 0.66745950625 0.5059038171875 0.662560565625 0.50447391875
0 0.6748953234374999 0.4751473625 0.683367940625 0.4826683125 0.685358134375 0.480625575 0.680459159375 0.47102484218749996 0.6748953234374999 0.4751473625
0 0.8070658406250001 0.522909696875 0.811658575 0.518620003125 0.810127675 0.5155559640625 0.8058411124999999 0.5188243015625 0.8070658406250001 0.522909696875
0 0.7280706171875 0.2885321125 0.7156125296875 0.29072523906250003 0.719191353125 0.3144745515625 0.7322040921874999 0.3110019390625 0.7280706171875 0.2885321125
0 0.59694330625 0.2371141578125 0.5990144828124999 0.24249254687500002 0.6037603218750001 0.23636438124999998 0.6008515812499999 0.23411741406250003 0.59694330625 0.2371141578125
0 0.7356069859375001 0.0786396125 0.729103725 0.08820338125 0.7379603453125 0.08727515 0.7432555578125 0.0817798 0.7406080296875001 0.077462053125 0.7356069859375001 0.0786396125
0 0.8323094578125 0.26517025625 0.82544995 0.26661880625 0.829711284375 0.2747703453125 0.836706234375 0.2715703296875 0.8379054187499999 0.2670369390625 0.8323094578125 0.26517025625
0 0.9391035625 0.3459379 0.9400316921874999 0.3531710265625 0.9468267921875 0.35050433281250004 0.9470266421875 0.3433043046875 0.9391035625 0.3459379