0 0.436692653125 0.2367093609375 0.42977012031250006 0.236390846875 0.4270502125 0.2454428578125 0.43048624062499996 0.2497681296875 0.436692653125 0.251360665625 0.436692653125 0.2367093609375
0 0.4283379546875 0.40997701875 0.42036729843750004 0.4232157734375 0.42427995625000003 0.42685786875 0.43191853281250003 0.415710134375 0.4283379546875 0.40997701875
0 0.30134655781249997 0.4674920546875 0.3042109625 0.4719511484375 0.3042109625 0.47832125937500003 0.305922375 0.4839594984375 0.31113341875 0.47736575937500003 0.3075528421875 0.468129065625 0.3065980734375 0.461440425 0.30134655781249997 0.4674920546875
0 0.2798968828125 0.7924860218750001 0.28099978124999997 0.7893792687500001 0.27266672187499996 0.7830022703124999 0.2687687609375 0.7905992359375 0.2773234359375 0.795265734375 0.2773234359375 0.7946116859375 0.2798968828125 0.7924860218750001
0 0.3149448078125 0.8407223187499999 0.31310659687500003 0.8379425812499999 0.3086521578125 0.8438126453124999 0.31224878125 0.8472628328124999 0.3156800421875 0.8464452671875 0.3149448078125 0.8407223187499999
0 0.30881751875 0.7679590875 0.3063666515625 0.7686131406250001 0.3054357546875 0.7737197124999999 0.3083273390625 0.7743360890625001 0.30881751875 0.7722104265625 0.30881751875 0.7679590875
0 0.3657934296875 0.6989943843749999 0.3626010234375 0.7035521578124999 0.3646524578125 0.70850965 0.3695967765625 0.706606584375 0.3683606953125 0.701404915625 0.3657934296875 0.6989943843749999
0 0.4655286890625 0.7128569984375 0.46334175312500003 0.715267509375 0.4635902578125 0.7175369453125 0.4672401609375 0.7193273687499999 0.4695221765625 0.7166630984375 0.46800082343750005 0.7128569984375 0.4655286890625 0.7128569984375
0 0.42968235625 0.7137450890625 0.426924971875 0.7160287484375 0.42515778125 0.7199787343749999 0.42721022187499996 0.7208498109375 0.4301577984375 0.7176780421875 0.432915203125 0.7159018609375 0.42968235625 0.7137450890625
0 0.57130998125 0.7582699578125001 0.5681270421875 0.7635739078125 0.572948728125 0.7737749015625 0.578907853125 0.770793178125 0.5774180796875 0.7600589890625 0.57130998125 0.7582699578125001
0 0.726698890625 0.8481977703125001 0.722555175 0.8515275093750001 0.7222619 0.8603867062500001 0.7293959015625 0.8623601671875001 0.7294829 0.8524929140624999 0.726698890625 0.8481977703125001
0 0.8571233156250001 0.70274149375 0.8643768921874999 0.698063596875 0.8680036281250001 0.6914499671875001 0.8652231374999999 0.6799971296875 0.8437043046875001 0.6811262828125 0.8432686765625 0.6814363375 0.8467266109375 0.6874172984375 0.8456385484375 0.6983862109375 0.84636393125 0.7046772015625 0.8571233156250001 0.70274149375
0 0.77028914375 0.6873632734374999 0.773586728125 0.7008058015625 0.7819283140625 0.6946761218749999 0.7772134953125 0.6859655328125001 0.77028914375 0.6873632734374999
0 0.9209544718749999 0.7606509 0.9236519296875001 0.7638489671875 0.92796621875 0.759037821875 0.92796621875 0.756779515625 0.92421861875 0.7541985890625 0.9209544718749999 0.7606509
0 0.7907965703125 0.6057665765625 0.7862674640625 0.6120687734375 0.78581455625 0.6138817328124999 0.7856204499999999 0.6149177109374999 0.7867203734375 0.61621269375 0.7876714234375 0.6152978296875 0.7907965703125 0.6112917906249999 0.7912494796875 0.6099968171875 0.793772815625 0.6080111953125 0.7907965703125 0.6057665765625
0 0.6932970359375 0.395048525 0.6973881265624999 0.3946152796875 0.698751803125 0.3908028125 0.701609084375 0.3856906171875 0.6995959984375 0.3824846703125 0.6950503421875001 0.38317785937500004 0.69440098125 0.3775457921875 0.69005011875 0.3772858484375 0.6881019984375001 0.3804917953125 0.6858940921875 0.3849974515625 0.6855610109375 0.39317434375000004 0.6878422468750001 0.3947019328125 0.6890760515625 0.395568396875 0.6932970359375 0.395048525
0 0.7105055765625 0.376332721875 0.7106726015625 0.37786233125 0.7132329703125 0.37945201875 0.7146616031249999 0.376419365625 0.7123238390625 0.3755528921875 0.7105055765625 0.376332721875
0 0.551723534375 0.6259993265625 0.550369525 0.6207600578125 0.5445473437499999 0.6214827015625 0.5440673703125001 0.6282322312499999 0.5475261390624999 0.6339485453125 0.550369525 0.634129203125 0.551723534375 0.6259993265625