0 0.9302275234374999 0.02968278125 0.924122828125 0.044577514062500004 0.9297587093749999 0.05596096874999999 0.969297575 0.046672081250000004 0.9733093328125 0.0543521640625 0.9724371484375001 0.01036621875 0.9302275234374999 0.02968278125
0 0.9562540500000001 0.108622934375 0.951195878125 0.11839760937499999 0.954161 0.11979395781249999 0.9541744124999999 0.1198914328125 0.9585215125 0.11607028281250001 0.96549828125 0.10233922499999999 0.9560796343750001 0.09815010625000001 0.9562540500000001 0.108622934375
0 0.8616363734375 0.7996965968749999 0.85605831875 0.8017581937499999 0.8697290921875 0.8093378296875 0.8720412578125 0.807602409375 0.8716077171875 0.8029746281250001 0.8616363734375 0.7996965968749999
0 0.9000767859375 0.812615859375 0.8968974609375 0.8095306796875 0.8880822171875 0.8039387515625 0.882012678125 0.807602409375 0.885390725 0.8155907515624999 0.8968974609375 0.8209073 0.8990651953125001 0.8205216625 0.8947297734375 0.8131943156249999 0.9000767859375 0.812615859375
0 0.8070023984375 0.9147803140624999 0.8087446406250001 0.9211760734375 0.8168373593749999 0.9186693484375 0.8133690484375 0.9140415562499999 0.8070023984375 0.9147803140624999
0 0.9916978859375 0.8841908703125 0.9937210656250001 0.87570658125 0.9909753125 0.87416398125 0.9947326546875 0.8687648937500001 0.9927094750000001 0.8656797015625 0.9781137546875 0.864715578125 0.9695949593750001 0.8753069171875 0.9753679406250001 0.883033896875 0.9857728546875 0.8832267249999999 0.9916978859375 0.8841908703125
0 0.855566834375 0.9505225203125001 0.85065339375 0.9543790062499999 0.8497366796874999 0.956952746875 0.8554222796875001 0.9549574515625 0.8573009515625 0.9512938140625 0.855566834375 0.9505225203125001
0 0.527677975 0.8535903265625 0.5282437468750001 0.848809346875 0.5258550015625 0.8462091546874999 0.522837625 0.8493964843749999 0.5218947140625 0.8531709375000001 0.521831834375 0.8579519140625 0.521077496875 0.8617263765625 0.5235090234374999 0.8634332890625 0.525666415625 0.8632361546875 0.526106446875 0.856526015625 0.527677975 0.8535903265625
0 0.47774673593749994 0.6728865453124999 0.478928625 0.6707418109375001 0.481197865625 0.669101728125 0.4830888765625 0.665380003125 0.4850744515625 0.662289075 0.488525571875 0.6557918140625 0.488998328125 0.6540886515625 0.48450715625 0.6505561609375 0.47840859375000006 0.66329835625 0.47700975312500005 0.6682245796874999 0.47755764375 0.66973253125 0.47665939531249996 0.6715618609375 0.47774673593749994 0.6728865453124999
0 0.45536093437499997 0.99156224375 0.45578540156249997 0.992533159375 0.456027953125 0.9939086343750001 0.45702849062500006 0.9941109078125001 0.45705880312499997 0.992533159375 0.457362 0.9901867703124999 0.45684656874999996 0.9865862765625 0.45617955625000006 0.9828239625 0.454966784375 0.9801943890624999 0.45442104062500005 0.9807607578124999 0.453117328125 0.9830262375000001 0.45419850781250004 0.9873811390625 0.454330084375 0.98901358125 0.454451359375 0.9897013109374999 0.45536093437499997 0.99156224375
0 0.568308321875 0.44244288593750003 0.5640815828125 0.44244288593750003 0.5617145875 0.44582678124999997 0.56120735625 0.4505642109375 0.562052709375 0.455301640625 0.5657650390625 0.4592186890625 0.5705062234375 0.45891112187500005 0.57439486875 0.45327132812500004 0.5738876375 0.44830830156249996 0.568308321875 0.44244288593750003
0 0.6575775328125 0.3474686890625 0.6565630703124999 0.3564923671875 0.65605585625 0.3569435484375 0.6631568125 0.3585226921875 0.66484751875 0.3404753546875 0.6589300546875 0.339572971875 0.6575775328125 0.3474686890625
0 0.7059005546875 0.2677095125 0.7036661109375 0.272607584375 0.7081349984374999 0.2751631015625 0.7108482375 0.270264996875 0.7059005546875 0.2677095125
0 0.44521314375000004 0.22987643124999999 0.4454154859375 0.2352754421875 0.447168878125 0.2377049625 0.4508744015625 0.237842309375 0.45427118125000004 0.23385936406250002 0.4526242671875 0.22987643124999999 0.4479923078125 0.22891503281249997 0.44521314375000004 0.22987643124999999
0 0.098385665625 0.6435130390625 0.0954664203125 0.6545992890625 0.101005503125 0.6565968109375 0.10459842500000001 0.64401240625 0.098385665625 0.6435130390625