0 0.2343639390625 0.08827988125 0.227879853125 0.08775497812500001 0.2282650796875 0.10533047343749999 0.2326214921875 0.10610549531249999 0.23494479687499997 0.0983551984375 0.2343639390625 0.08827988125
0 0.43707853906249994 0.123543484375 0.43330298437500003 0.1243185671875 0.43369043124999995 0.13047015 0.43765930312499995 0.13981899375 0.448695309375 0.12625606875 0.44521035312499996 0.1212184609375 0.43707853906249994 0.123543484375
0 0.410251271875 0.460462521875 0.3993290703125 0.4556671125 0.4127924828125 0.47190666718749996 0.42073400625 0.4659726609375 0.4153338640625 0.453680803125 0.410251271875 0.460462521875
0 0.0665545890625 0.40627453437499994 0.07021007968750001 0.40793497968750003 0.0724656296875 0.4080387484375 0.0740989421875 0.4071047515625 0.07479891250000001 0.40440651250000004 0.0737878109375 0.4030573984375 0.0712989546875 0.4020196203125 0.06717678437499999 0.4017082796875 0.064999034375 0.39994405624999996 0.062796853125 0.39973019062500004 0.0614990765625 0.4012931734375 0.062121289062499994 0.40378384531249994 0.0646101703125 0.40513295937500005 0.0665545890625 0.40627453437499994
0 0.0323327828125 0.38064130937499996 0.030270803125000002 0.3824803140625 0.033421659375 0.3841697671875 0.03435498125 0.3827168734375 0.0323327828125 0.38064130937499996
0 0.15198945 0.6988800734375 0.15021444687500002 0.7019885703125001 0.1451394734375 0.710305109375 0.1586837828125 0.706150565625 0.15198945 0.6988800734375
0 0.088938178125 0.7292083593750001 0.0834892984375 0.7323242953125 0.0852018015625 0.7383484234375 0.0878326421875 0.7365168546875 0.0906506796875 0.7410488609375 0.092051778125 0.7389715781249999 0.090027953125 0.7341938453125 0.088938178125 0.7292083593750001
0 0.060448278125 0.712797846875 0.061849457812499994 0.7109283078125 0.060915326562500004 0.7057351 0.059202825 0.7038655546875 0.055415896875 0.7005347484375 0.056867628125 0.703450084375 0.0551550765625 0.7076046609375 0.0578016765625 0.7115514843749999 0.060448278125 0.712797846875
0 0.1574383296875 0.8722051625 0.151031675 0.876810725 0.15432467968750002 0.8875770328125 0.159929303125 0.8854997484375 0.1574383296875 0.8722051625
0 0.0381857109375 0.99268740625 0.0423891375 0.99351838125 0.04332326875 0.9825087328125001 0.039742535937500004 0.9833397093749999 0.0381857109375 0.99268740625
0 0.1948021640625 0.8827992890624999 0.20142745468749998 0.8895316718749999 0.20538846875 0.8844611406249999 0.204143015625 0.879267909375 0.19838278125 0.877398359375 0.1948021640625 0.8827992890624999
0 0.28534548437499996 0.96148293125 0.2877408453125 0.96661684375 0.290392153125 0.968389396875 0.2908147640625 0.9664455328124999 0.2923992796875 0.9586744015625 0.290975903125 0.950213971875 0.292140484375 0.9448614515625 0.290458284375 0.938990925 0.28431023125 0.936964940625 0.279200321875 0.936919009375 0.2718244203125 0.9393362749999999 0.26988335625 0.9426168234375 0.2644484796875 0.9424441859374999 0.2632838984375 0.9457247625 0.268572278125 0.9467854859375 0.2695584578125 0.9523318656249999 0.2735699171875 0.955267109375 0.28172223281250003 0.9595836625 0.28534548437499996 0.96148293125
0 0.3996869953125 0.6305030015625 0.39455236562499996 0.6272788890625 0.3898852296875 0.6379534421875 0.39243808125 0.6409814015624999 0.395458428125 0.6381602953125001 0.3996869953125 0.6305030015625
0 0.3667645765625 0.662744209375 0.3693319234375 0.6631472328125 0.37159727187499997 0.6623412015625 0.371899271875 0.6585125515625 0.3673687046875 0.6560944703125 0.3638952296875 0.65428089375 0.360119725 0.6532733656249999 0.3573822109375 0.6562871734375 0.3607238046875 0.66133365625 0.3635931515625 0.6605276296875 0.3667645765625 0.662744209375
0 0.32976460625000004 0.6774542703125 0.3291605265625 0.6677819046875 0.3211796609375 0.6710951875 0.32976460625000004 0.6774542703125
0 0.240964675 0.6766482218750001 0.23839732812499997 0.6724165640625 0.23462182343750002 0.6756406828125 0.23741171562500002 0.6802620546875 0.23779325 0.6806783890625 0.2402095734375 0.67926783125 0.240964675 0.6766482218750001
0 0.27071566874999997 0.6901492546875 0.26845036875 0.6893431953125 0.2648258796875 0.690955259375 0.26648710000000003 0.6943809125 0.266336084375 0.6976050296875 0.26674370937499997 0.69507006875 0.2692054953125 0.694582390625 0.2725279203125 0.6976050296875 0.2749442359375 0.6951869390625001 0.27071566874999997 0.6901492546875
0 0.3325425046875 0.76205870625 0.3356543953125 0.7647070046875 0.3407890890625 0.75241505625 0.3325425046875 0.76205870625
0 0.3717482875 0.743548715625 0.3705948203125 0.748660978125 0.37446665156250003 0.7495939500000001 0.3735604921875 0.7447577890625 0.3717482875 0.743548715625
0 0.2915564765625 0.7177557796875 0.290262153125 0.7225706671875 0.2929156515625 0.7238009812499999 0.294274840625 0.71977085625 0.2915564765625 0.7177557796875
0 0.2575769328125 0.7733718203125 0.2572306296875 0.7779244359375 0.26195650000000004 0.7753868984375 0.25938917031250003 0.7729688171875 0.2575769328125 0.7733718203125
0 0.2761524421875 0.7280326390625 0.27781363125 0.7254130671875 0.2761524421875 0.7235995015625 0.272821509375 0.7264489562499999 0.27116873125 0.725010053125 0.2735850625 0.7272266328125 0.2761524421875 0.7280326390625
0 0.3918339859375 0.8611439000000001 0.3900217015625 0.855501678125 0.3856571953125 0.8632468046874999 0.3901727171875 0.8681966734375001 0.3918339859375 0.8655770578125 0.3918339859375 0.8611439000000001
0 0.3747686984375 0.576623 0.37280542968749997 0.574204909375 0.36827478281250003 0.571585284375 0.3661604984375 0.5762199546875 0.36993600312499997 0.5814591515624999 0.3726544140625 0.5810561375 0.3747686984375 0.576623
0 0.3821686921875 0.5770260140625 0.37799388125 0.577311096875 0.3809604859375 0.57984711875 0.38398092968749997 0.5810561375 0.38398092968749997 0.578638046875 0.3821686921875 0.5770260140625
0 0.4146380640625 0.536724484375 0.41631045 0.540291059375 0.41962167812500006 0.5403516328125 0.41977269375 0.53591846875 0.41735637812500004 0.534306403125 0.4146380640625 0.536724484375
0 0.5176527125 0.9377958765625 0.5229314328125 0.936829125 0.530694325 0.9351718359375001 0.5122586109375 0.9016710578125 0.5128914578125 0.9279902765625 0.5144440609375 0.9358623734375 0.5176527125 0.9377958765625
0 0.5234489859375 0.890563178125 0.52210341875 0.8913918265625 0.525105034375 0.8958112515625001 0.5325574109375 0.899125828125 0.5347310140625 0.8999544687500001 0.5347310140625 0.9031309578125001 0.53514503125 0.9067217281250001 0.5322468953125 0.9154224890625 0.530797828125 0.9184608531249999 0.5325574109375 0.9223278578125 0.5361652203125 0.9243854359375 0.53762915 0.8944301828125001 0.5309013078125 0.8942920796875 0.526347121875 0.8936015421875 0.5234489859375 0.890563178125
0 0.5535672890625001 0.8469801671875 0.5519378421875001 0.844805984375 0.5495324578125 0.8432529828125 0.5490669328125 0.8435635937500001 0.5474832843749999 0.8431396156250001 0.548523784375 0.8461518937499999 0.5500756078125 0.8497755328125001 0.5514723 0.850189678125 0.5535672890625001 0.8469801671875
0 0.586760603125 0.54706915 0.583801396875 0.5512996390625 0.5826788984375 0.5563505937500001 0.586337871875 0.559196621875 0.5886629609375 0.5566583078125 0.5888743265625 0.55186370625 0.586760603125 0.54706915
0 0.6649682171875 0.64578144375 0.664786534375 0.645668409375 0.6689843421874999 0.6494478796875 0.668772909375 0.643243115625 0.6664478203125 0.640422775 0.6649682171875 0.64578144375
0 0.7383875234375 0.6357990375 0.73197316875 0.6598831625 0.7554353890625001 0.672010725 0.760931071875 0.6480376875 0.7383875234375 0.6357990375
0 0.7797431859375 0.6181420015625 0.7794413421875 0.6180341687500001 0.777629440625 0.62942339375 0.7818568859374999 0.6311155828125 0.7846047265625 0.6198341921875 0.7797431859375 0.6181420015625
0 0.7444441140625 0.5019434921875 0.7395825281249999 0.50532793125 0.7397791390624999 0.5105748578125 0.7539557859375 0.5067381078125 0.7444441140625 0.5019434921875
0 0.7740361828125 0.44102391093750004 0.7706542 0.43622931249999997 0.76649644375 0.4413724109375 0.7647357859375 0.447228675 0.777629440625 0.4486388609375 0.7740361828125 0.44102391093750004
0 0.796864284375 0.5245063062499999 0.791791378125 0.5301470015625 0.793059615625 0.5332494140625 0.8000349921875 0.5301470015625 0.796864284375 0.5245063062499999
0 0.8507902062499999 0.6490951093749999 0.8530751921874999 0.6448605374999999 0.8519326984375001 0.6418116640625 0.8472357609375001 0.6377464515625 0.8440621359374999 0.644013621875 0.8436813421875 0.6435054703125 0.8469819062499999 0.6487563453125 0.8507902062499999 0.6490951093749999
0 0.9195062374999999 0.9956358171874999 0.9187439749999999 0.9980091046874999 0.9136620390625 0.9991957484375 0.9249693046875 1 0.923698840625 0.992414909375 0.9203955703125001 0.9905502046875 0.9195062374999999 0.9956358171874999
0 0.8657651578125 0.9300313843750001 0.8677978843749999 0.9308789875000001 0.8698306765625 0.9308789875000001 0.8698306765625 0.927827609375 0.8676708671875 0.927827609375 0.8657651578125 0.9300313843750001
0 0.9468156562500001 0.4124619703125 0.9419662421874999 0.41290264062500004 0.9431487765625001 0.42070225937499994 0.948552521875 0.42173230625 0.950868465625 0.4147795578125 0.9468156562500001 0.4124619703125