0 0.7038858796875 0.0775463140625 0.699640703125 0.08161459531250001 0.70406029375 0.09104463125 0.7085952578125 0.08383001875 0.7061533796874999 0.07847722968750001 0.7038858796875 0.0775463140625
0 0.7546420578124999 0.182041959375 0.7528978562499999 0.182041959375 0.749998090625 0.18382189531249998 0.7518513890625 0.1943766703125 0.758479346875 0.193911175 0.758479346875 0.18762750156250002 0.7546420578124999 0.182041959375
0 1 0.4556826546875 0.9923851828125001 0.45270875312500003 0.9799482796874999 0.47860108593749995 0.9876079359375 0.4854147140625 0.9929465437499999 0.4956351 1 0.4888214875 1 0.4556826546875
0 0.9715922109375 0.5139079125 0.981340909375 0.51297878125 0.9901611375 0.51297878125 0.9890006640625 0.49842247500000003 0.9894648234375 0.49098944843750003 0.9834299015625 0.48479530000000004 0.9808767484375001 0.48479530000000004 0.9749209671875001 0.48684770000000005 0.9695032687499999 0.49037001562500004 0.9695032687499999 0.5012098171875 0.9695032687499999 0.510810821875 0.9715922109375 0.5139079125
0 0.9554260296875 0.421279246875 0.9541838078125 0.42657004218749994 0.959522440625 0.4302865484375 0.9599866 0.4228535375 0.9554260296875 0.421279246875
0 0.8364245703125001 0.4441140453125 0.8372584421875 0.44878718125 0.843595928125 0.44789706406249996 0.8445965890625 0.442333784375 0.8364245703125001 0.4441140453125
0 0.7498132421875 0.5343616140624999 0.7476997453124999 0.542960303125 0.75720601875 0.5496362234375 0.7592072859375001 0.54095754375 0.7498132421875 0.5343616140624999
0 0.7559414828125 0.438580340625 0.75837345 0.44905248750000004 0.7608750468750001 0.4488299640625 0.75870695625 0.4390386390625 0.7559414828125 0.438580340625
0 0.7235172484375 0.41990102656249995 0.726185653125 0.4172306671875 0.7226738875 0.4132722796875 0.7235172484375 0.41990102656249995
0 0.8787856 0.6865779640625 0.88645730625 0.6790119265625 0.8758799187499999 0.6702464296875 0.8787856 0.6865779640625
0 0.6273805421875001 0.79909631875 0.612118478125 0.793106884375 0.593265415625 0.7955026328125 0.5730657703125 0.8056847765624999 0.5744123531249999 0.827546353125 0.579574559375 0.8374289375 0.5876813515625 0.8344010187500001 0.6035897078125 0.8766599968750001 0.6433158859375 0.8547984515625 0.6352359140625 0.8131715796875 0.6273805421875001 0.79909631875
0 0.43166772968749995 0.690986353125 0.4363809953125 0.6834995171875 0.43278995 0.6766116109375 0.427627790625 0.6811037125 0.43166772968749995 0.690986353125
0 0.379077290625 0.8233981125 0.383898521875 0.829141459375 0.387443834375 0.8260370578125 0.383676940625 0.8202717453125 0.379077290625 0.8233981125
0 0.4322917140625 0.9462345328125 0.42876006718750004 0.946496290625 0.42757014375 0.9524923609375 0.4371967828125 0.955135525 0.439551228125 0.9475435093750001 0.4352348140625 0.9433547921875001 0.4322917140625 0.9462345328125
0 0.4165874265625 0.853122915625 0.41245653281249994 0.8526400265625 0.41694093125 0.858940321875 0.42236130781250003 0.85783973125 0.42236130781250003 0.8528084703125 0.4165874265625 0.853122915625
0 0.6249532125 0.8872183921874999 0.5988065515625001 0.9146003765625 0.6092235515625 0.9311407515625 0.6350577234375 0.9038977796875001 0.6249532125 0.8872183921874999