0 0.7724999015625 0.6102998687500001 0.7698362609375 0.6558210359375 0.8445820093749999 0.6694209421874999 0.8500178843749999 0.6259008640625 0.7724999015625 0.6102998687500001
0 0.613210434375 0.5130206359375 0.6016588359374999 0.473580490625 0.51151790625 0.5167039359375 0.5214771421875 0.5542740640625 0.6094730515625 0.5229940015625 0.609133309375 0.5189139234375 0.613210434375 0.5130206359375
0 0.48036710312500003 0.5769407921874999 0.45979710156250003 0.5833315484375 0.46337944999999997 0.6086741499999999 0.4745913046875 0.5887274171875 0.48342485625 0.5864607656249999 0.48036710312500003 0.5769407921874999
0 0.6329645671875 0.58885701875 0.6312173140625 0.5882741453125 0.6366532609375 0.6200075515625 0.652621725 0.6163808421875 0.644127915625 0.5769407921874999 0.6329645671875 0.58885701875
0 0.535986553125 0.465725078125 0.5349255203125 0.44845284531249996 0.52413591875 0.4573123578125 0.524739509375 0.457513728125 0.535986553125 0.465725078125
0 0.4213996015625 0.0848769421875 0.429837075 0.07164361875 0.422879878125 0.064928221875 0.41888320625000003 0.0718411453125 0.41795602656249997 0.07879981875 0.41814303593749996 0.07875406874999999 0.41792145312500006 0.0797395953125 0.4213996015625 0.0848769421875
0 0.3358406125 0.09277744375 0.32843935156250004 0.0830993296875 0.3225182734375 0.087049578125 0.327762109375 0.1014033859375 0.3288834328125 0.101862978125 0.3311037859375 0.101467965625 0.3358406125 0.09277744375
0 0.3855773265625 0.23071689062499998 0.3827648734375 0.22795172031250002 0.382172771875 0.22834674375000003 0.37995233906250003 0.23446962187499998 0.3845411453125 0.2399999609375 0.3891299515625 0.238222321875 0.3855773265625 0.23071689062499998
0 0.33273206875 0.2267666203125 0.3265149796875 0.22795172031250002 0.3262189203125 0.23407456718750003 0.3346564421875 0.241975053125 0.33820906562499997 0.23545715312499998 0.33273206875 0.2267666203125
0 0.7800018890625 0.2744843609375 0.7762791499999999 0.28255611406250003 0.779536515625 0.28503971875 0.7861676265625 0.276191828125 0.7800018890625 0.2744843609375
0 0.9229151812499999 0.9092338015625 0.9187309546875 0.9092338015625 0.916115809375 0.912548746875 0.9182079296874999 0.919004134375 0.92016928125 0.9197020203124999 0.921346059375 0.9202254249999999 0.9203160609375001 0.9195902609375001 0.9272301328125 0.9202254249999999 0.9323296578125 0.916038146875 0.9290607328125 0.9127231921875 0.9229151812499999 0.9092338015625
0 0.904739909375 0.8193816265624999 0.9026477890625 0.821300796875 0.8966329640625 0.8251391546875 0.8994956140625 0.83014749375 0.9094471625 0.82461573125 0.9111470078125 0.822696571875 0.9093164078125 0.819032696875 0.904739909375 0.8193816265624999
0 0.9634498546874999 0.9645408484375 0.9631883765625 0.9706473062500001 0.9624145484375 0.9751485671875001 0.972079840625 0.9757069359375 0.9735181531249999 0.9682047218750001 0.9682879156249999 0.9650642609375 0.9634498546874999 0.9645408484375
0 0.34173098749999997 0.9795568328125001 0.337405878125 0.9842628375 0.33919430781250004 0.9929703312499999 0.3414491234375 0.9953521296875 0.345113209375 0.9943492578124999 0.34173098749999997 0.9795568328125001