0 0.2730329171875 0.6549243125 0.2677879453125 0.6675759765625 0.2906493265625 0.6868082828125 0.29762611250000004 0.672146309375 0.2730329171875 0.6549243125
0 0.4467551140625 0.765238171875 0.44113944062500005 0.766932875 0.456522628125 0.7826929671875 0.46262732343749996 0.777340121875 0.45756915156250005 0.76803099375 0.4467551140625 0.765238171875
0 0.4263479796875 0.6402623390625 0.4096037359375 0.637702278125 0.41099905156250005 0.6344440609374999 0.40873158906249996 0.6316513031250001 0.4061152953125 0.6316513031250001 0.40315013750000006 0.6360731687500001 0.3989640765625 0.644916928125 0.4043710765625 0.65422611875 0.40768510156250004 0.663069853125 0.4115354 0.665947175 0.41762699062499997 0.65678611875 0.4301852109375 0.6584152265625 0.4321038453125 0.6474769390625 0.4263479796875 0.6402623390625
0 0.36652196406250004 0.6556224796875 0.3748941234375 0.661906190625 0.3730806671875 0.65983916875 0.3844872578125 0.650967903125 0.37524300781250003 0.644916928125 0.3658242875 0.6479423843750001 0.36652196406250004 0.6556224796875
0 0.2988470515625 0.6395641453125 0.29857275781250003 0.6405706171875 0.30250986874999997 0.64468416875 0.3094867125 0.6411932546875 0.3077424734375 0.6311858453125 0.3014634015625 0.62885858125 0.2974516984375 0.6335131703125 0.2988470515625 0.6395641453125
0 0.23256751250000002 0.6393313859374999 0.23361401874999999 0.6486405765625001 0.2473931953125 0.6525970109375 0.24886577499999998 0.6402935484375 0.24390479375 0.635840471875 0.2371024203125 0.6344440609374999 0.23256751250000002 0.6393313859374999
0 0.3164634609375 0.6390986875 0.3112309140625 0.6512006 0.31053323593750004 0.655157009375 0.311928590625 0.6539933718750001 0.31143101562500003 0.6545455625 0.3159402 0.65911344375 0.3182076625 0.6479423843750001 0.3209984265625 0.6404950359375 0.3164634609375 0.6390986875
0 0.20602978749999998 0.5587884640625 0.20137660156249998 0.554223196875 0.1976814671875 0.5571449671875001 0.1982288984375 0.5639015734374999 0.195628553125 0.5600667421875001 0.1942599671875 0.556597140625 0.18741705625 0.56134501875 0.1852273625 0.5695625390625 0.183298578125 0.5710998859374999 0.1915228421875 0.5805191796875 0.1969971375 0.5761365125 0.204661203125 0.5635363531250001 0.20602978749999998 0.5587884640625
0 0.40131340781249997 0.459036178125 0.39456385156249996 0.46353916093749997 0.39265633125 0.4613855578125 0.3897217359375 0.4633433953125 0.3848796984375 0.462168684375 0.3838525921875 0.4555120890625 0.3800376296875 0.45805725468749997 0.3793039421875 0.45844881875 0.371674003125 0.461189771875 0.3713623640625 0.46636366249999994 0.40190029374999997 0.48859933125 0.413932125 0.4564910078125 0.4061554453125 0.46197291875 0.40131340781249997 0.459036178125
0 0.41760034687500003 0.41146106250000003 0.418334003125 0.42399112656250004 0.41539940781249995 0.42477426874999996 0.417160203125 0.42771100312500004 0.4162926265625 0.4255996609375 0.42361626250000006 0.42477426874999996 0.4258172015625 0.42046705781249993 0.42361626250000006 0.4098948 0.41760034687500003 0.41146106250000003
0 0.3431204859375 0.3999080625 0.3490776515625 0.41224419375 0.3534795765625 0.40441289375 0.34805054375 0.39599425625 0.3431204859375 0.3999080625
0 0.5194892062500001 0.41382256718750005 0.5213967265624999 0.41166898593749995 0.518902321875 0.4073617484375 0.5105387421875001 0.40344610625 0.5102452453125 0.41206052812499994 0.504082603125 0.41930447343750005 0.49968075624999997 0.4267442265625 0.49870756250000003 0.4300528703125 0.5005610921875 0.43320504531250004 0.508777946875 0.428702053125 0.5175817171875 0.4181298046875 0.5194892062500001 0.41382256718750005
0 0.12318770625 0.44639275468750006 0.13212882343750001 0.4451732609375 0.131455815625 0.4301316953125 0.1220336484375 0.4334992125 0.12318770625 0.44639275468750006
0 0.4915804875 0.191175965625 0.4910783828125 0.1925158734375 0.4969781125 0.1990480359375 0.5006184265625 0.194023303125 0.495973928125 0.1884960765625 0.4915804875 0.191175965625
0 0.3869586875 0.15127127812500002 0.389720246875 0.156966009375 0.3907244578125 0.16014834687499999 0.397879484375 0.1596458703125 0.39737737812499996 0.149428875 0.39587106250000004 0.147251509375 0.3943647328125 0.141891759375 0.393988190625 0.136532046875 0.39172866875 0.1328472234375 0.3782973046875 0.1346896390625 0.379929184375 0.1581384484375 0.3814354734375 0.1576359546875 0.384950225 0.1531137078125 0.3869586875 0.15127127812500002
0 0.2633865078125 0.1464589375 0.2571521359375 0.1529949484375 0.26182791562499996 0.15923387656250002 0.2689528625 0.1488356625 0.2671716671875 0.14200255312500001 0.2633865078125 0.1464589375
0 0.2424567765625 0.0843095890625 0.24468338906249998 0.0840125375 0.246687234375 0.07628814843750001 0.24045286093749998 0.0712375515625 0.23577708125000002 0.06529573749999999 0.23711302500000003 0.0575713328125 0.235109109375 0.053412046874999994 0.22886169843749998 0.060521065625 0.2317692734375 0.0661869859375 0.2359998015625 0.07302014375 0.2424567765625 0.0843095890625
0 0.2498044203125 0.07361432500000001 0.2573747375 0.07004918906249999 0.2616051953125 0.066484084375 0.25269895781249996 0.0516294875 0.2547029203125 0.0492527609375 0.2547029203125 0.03855745 0.2397704765625 0.051164434375 0.24379276718749998 0.0599480578125 0.24646458437500002 0.0638102609375 0.2498044203125 0.07361432500000001
0 0.275613603125 0.0194558515625 0.284984165625 0.0251312109375 0.286988009375 0.0099794828125 0.2749646328125 0.0093853015625 0.275613603125 0.0194558515625
0 0.28652238125 0.0298521078125 0.2894372234375 0.0343410140625 0.2912185390625 0.032558501562499995 0.28988259375 0.026616624999999998 0.28652238125 0.0298521078125
0 0.3121026921875 0.013673850000000001 0.3197341265625 0.02486994375 0.32346925937500004 0.020002064062499998 0.3167807828125 0.010382190625 0.3121026921875 0.013673850000000001
0 0.329549665625 0.01443875625 0.330331409375 0.021624690625 0.336151225 0.015481890625 0.33554318437499997 0.010382190625 0.329549665625 0.01443875625
0 0.35244336718749997 0.0088982359375 0.3500019734375 0.0072694578125000004 0.342677959375 0.016005528124999998 0.347893553125 0.0180784890625 0.351888484375 0.015265167187500001 0.35244336718749997 0.0088982359375
0 0.169614321875 0.021339846875 0.17018139375000002 0.0145299609375 0.17500148124999998 0.0084767640625 0.1741509125 0 0.1571386484375 0.000153603125 0.1565715765625 0.017178240625 0.1608246375 0.0300413328125 0.16819663437500001 0.0264472171875 0.1676295625 0.0220964953125 0.169614321875 0.021339846875
0 0.12382304687500001 0.061253182812499994 0.121129465625 0.055389153125 0.1168763890625 0.055010798437499994 0.111063896875 0.0567132921875 0.11049682499999999 0.0629556359375 0.11545872343750001 0.065603915625 0.1222635953125 0.06390146249999999 0.12382304687500001 0.061253182812499994
0 0.2134867890625 0.0937280703125 0.21389034375 0.09561270625 0.2152019234375 0.0953434875 0.2182285609375 0.09305499375000001 0.21651348124999997 0.0865934 0.21247790000000003 0.08820879375 0.2134867890625 0.0937280703125
0 0.0575492609375 0.023260078125 0.0493293921875 0.01524514375 0.0402246828125 0.030050290624999997 0.051542425 0.042875525 0.057391192187499995 0.032329590625 0.0575492609375 0.023260078125
0 0.06387216875 0.013979646875000001 0.061245834374999995 0.0186100921875 0.06845635156249999 0.029587632812499997 0.0694047484375 0.02241639375 0.06387216875 0.013979646875000001
0 0.052648940624999994 0.108722821875 0.04980365 0.10344982968750001 0.045535621875 0.09712226406249999 0.026408746875 0.1068245640625 0.0333029671875 0.1187066671875 0.052648940624999994 0.108722821875
0 0.037182146875 0.2249027046875 0.038422303125 0.2321509640625 0.0640302875 0.22877625156249998 0.061026843750000004 0.219284896875 0.037182146875 0.2249027046875
0 0.12251751250000001 0.20620794999999997 0.1188818609375 0.1967165734375 0.1110327734375 0.206450771875 0.1095555265625 0.20894986875 0.11572034843750001 0.2135901125 0.12251751250000001 0.20620794999999997
0 0.1514449953125 0.20536427812500002 0.1530257515625 0.2028332484375 0.1476512734375 0.199880384375 0.14196059218749998 0.2040987359375 0.14687031875 0.2096371046875 0.1514449953125 0.20536427812500002