0 0.4847315 0.20568336562499998 0.48630108281249995 0.1936410609375 0.4574284875 0.1737953875 0.44961196875000004 0.19940041718749998 0.44784615156249996 0.2096102390625 0.4764911578125 0.2276736671875 0.4847315 0.20568336562499998
0 0.5626732546875 0.2166584765625 0.5578353828125 0.21429155625 0.55831916875 0.2190253609375 0.55853759375 0.22002547187500002 0.5600930375 0.2231136265625 0.56622095625 0.2256956890625 0.5671885624999999 0.22031636406250002 0.5626732546875 0.2166584765625
0 0.563334503125 0.13155275 0.5663822640625 0.13102010625 0.56702730625 0.12607114531250002 0.5650921296875 0.125640809375 0.563334503125 0.13155275
0 0.5404491015625 0.2366192109375 0.5322447421875001 0.23788148437499998 0.5333110984375 0.2429149375 0.53978369375 0.24130065312500001 0.5409330531250001 0.23960564843749999 0.5404491015625 0.2366192109375
0 0.49703965937500005 0.47524106406250005 0.49712672812500003 0.473730746875 0.50078370625 0.47140714375000003 0.499129390625 0.46780558125000005 0.49573361718750003 0.47117478593750006 0.493818040625 0.4667599671875 0.4898127703125 0.4658305484375 0.47396586406249996 0.47477636093750003 0.4737366703125 0.476565246875 0.47823233906249996 0.49080910937500005 0.4813669171875 0.4919708921875 0.49677845468750004 0.4820956609375 0.49703965937500005 0.47524106406250005
0 0.4687089578125 0.4966895359375 0.4712666921875 0.4965018984375 0.47057009843750003 0.4902282171875 0.468915775 0.49139001406249994 0.4687089578125 0.4966895359375
0 0.47326929843750004 0.47721612812499997 0.47065719531249994 0.47442780781250005 0.46700021718749996 0.475821975 0.46708728437499997 0.4852324890625 0.4717890921875 0.485929575 0.4729210359375 0.48232801875 0.47326929843750004 0.47721612812499997
0 0.5384854156250001 0.4408296328125 0.5387466765625 0.4386222234375 0.536963953125 0.4361133921875 0.5346543015624999 0.439203121875 0.534393078125 0.44141052968750005 0.53604743125 0.443850296875 0.5384854156250001 0.4408296328125
0 0.44679973906250003 0.535350515625 0.44375225625 0.5346534234375 0.4387021671875 0.5381388031250001 0.4414884359375 0.5395329578125 0.44471003593749997 0.5383711812499999 0.44679973906250003 0.535350515625
0 0.2977784 0.56018329375 0.29675405625 0.55457946875 0.28739421875 0.5568269859375 0.28825204375 0.5664705156250001 0.290198290625 0.56483036875 0.28948125 0.561140053125 0.2977784 0.56018329375
0 0.32174804375 0.6397303375 0.3188798859375 0.6406870890625 0.315704390625 0.643010659375 0.3207236671875 0.646974309375 0.324104003125 0.6453342 0.32318212343749997 0.64150715 0.32174804375 0.6397303375
0 0.23703489375000003 0.629889459375 0.22976206718749997 0.6256524171875 0.22709878125 0.6278392828125 0.2340643046875 0.636313384375 0.236625159375 0.638090184375 0.23826411093750002 0.6326230390625 0.23703489375000003 0.629889459375
0 0.2796475359375 0.6502546312499999 0.275550171875 0.6533982046875 0.27287599687499997 0.6555929734375 0.27595990625 0.6594120765625 0.2802621453125 0.65435495625 0.2817986546875 0.6512113828125 0.2796475359375 0.6502546312499999
0 0.357804865625 0.6129412999999999 0.3589099046875 0.6127864078124999 0.362414396875 0.6149914921875 0.36169735625 0.6089776203125 0.36046820468749996 0.6072007921875 0.357804865625 0.6129412999999999
0 0.269404140625 0.6417805296875 0.269301709375 0.6394569734375 0.26283870781249996 0.643874975 0.26254104843750004 0.6442407296875 0.26510190312500004 0.64506080625 0.269404140625 0.6417805296875
0 0.2851790125 0.58505884375 0.2827205671875 0.5854688609375 0.2829254625 0.591482746875 0.285793621875 0.5984533625 0.2871252359375 0.5964031640624999 0.2851790125 0.58505884375
0 0.1517748125 0.7142737890624999 0.1466577890625 0.71397695625 0.147325234375 0.721101503125 0.15266473125 0.7208046546875 0.15399964375 0.7187266546875 0.1517748125 0.7142737890624999
0 0.232535190625 0.8324230015625 0.2283080515625 0.8119398125 0.22697323281249998 0.8101587078125 0.22497085156250002 0.8119398125 0.21918642031250002 0.822033 0.217851484375 0.8309387125000001 0.223230896875 0.8343828078125 0.226083315625 0.84014124375 0.23097782968749997 0.83806324375 0.232535190625 0.8324230015625
0 0.243659203125 0.9198132015624999 0.240099578125 0.9192195203125 0.23646680937500003 0.9278752359375 0.2418793671875 0.9278283390625001 0.2445491203125 0.925453521875 0.243659203125 0.9198132015624999
0 0.4785960546875 0.9097151921875 0.4793042140625 0.9061718953125 0.4758815140625 0.9032585046875001 0.47228179375 0.906644334375 0.47322596875 0.9098726703125 0.4756454609375 0.91073881875 0.4785960546875 0.9097151921875
0 0.426370490625 0.88632939375 0.42401001718750003 0.885935690625 0.423401515625 0.8896346984375001 0.4252492671875 0.8914474953125 0.42755073125000004 0.8895577375 0.426370490625 0.88632939375
0 0.849865684375 0.8492944703124999 0.8545496203124999 0.8518803140625 0.8572185796875 0.8511632546874999 0.8594360890624999 0.844934015625 0.8534837390625001 0.8413522312499999 0.849865684375 0.8492944703124999
0 0.8646881828125 0.879817653125 0.8646881828125 0.8754571984374999 0.8616536609375001 0.8731212453125 0.859042490625 0.877493165625 0.8581522765624999 0.8770145062499999 0.863170890625 0.8818421546874999 0.8646881828125 0.879817653125
0 0.9143331921875 0.8238357265625 0.9115994828125 0.8234616078125001 0.9076629078125 0.82466574375 0.9096368343749999 0.8299150234375 0.9159453484375 0.8257998093750001 0.9157350718749999 0.8240227765625001 0.9143331921875 0.8238357265625
0 0.8009112828125 0.6431835609375 0.7976143859375 0.63658495 0.7973788875000001 0.631400309375 0.7891834796875 0.64226176875 0.7977321296875 0.654495446875 0.7983208937499999 0.6488395171875 0.8024420140625 0.6463257359375 0.8009112828125 0.6431835609375
0 0.7997338187499999 0.63862735625 0.8002048015625001 0.6411411375 0.8019573453125 0.6395128640625 0.8089180656250001 0.630614759375 0.8050324046874999 0.6276296718750001 0.7997338187499999 0.63627073125 0.7997338187499999 0.63862735625
0 0.7488015859375 0.6735992734375 0.75004486875 0.6794759296875 0.7602888 0.6775905859375 0.7582871109375 0.6714633234375 0.7488015859375 0.6735992734375
0 0.739447709375 0.5737410140625 0.73685728125 0.5839531484375 0.755578953125 0.5952650609375 0.759464575 0.5833247203124999 0.739447709375 0.5737410140625
0 0.798674134375 0.529218496875 0.794199771875 0.5394306578125 0.80338395625 0.54225863125 0.8035016984375 0.5311038156250001 0.798674134375 0.529218496875
0 0.6671649890625 0.3845271421875 0.66094930625 0.37713009375 0.6582144578125 0.38325736718750003 0.6601933203125 0.387553203125 0.6654850671875 0.3884498171875 0.6671649890625 0.3845271421875
0 0.818168040625 0.4844733875 0.8146479015624999 0.4810854125 0.81245501875 0.483626403125 0.8091079734375001 0.4852433921875 0.8118844062499999 0.492068628125 0.8140708265625 0.4936363234375 0.8172447375 0.4914803375 0.8193799015625001 0.48809236250000004 0.818168040625 0.4844733875
0 0.7619288656250001 0.5205136218749999 0.7598646140625 0.520612009375 0.75875876875 0.52375981875 0.75772664375 0.5322195859375001 0.7608967390625 0.533990265625 0.762223771875 0.526710896875 0.7617814234375 0.5236614421875 0.7619288656250001 0.5205136218749999
0 0.68473228125 0.7936521453125 0.68379615625 0.79504001875 0.6774514140625 0.7986483734375 0.6822359875 0.8011464859374999 0.6895168390624999 0.8019791968750001 0.687228559375 0.8001749968749999 0.685668390625 0.796011509375 0.68473228125 0.7936521453125
0 0.7536923328125 0.7887946984374999 0.752964246875 0.7853250953125 0.7504679875 0.7869904984375 0.7477636421875 0.7897661874999999 0.7486371984375 0.7939044578125001 0.751196071875 0.79392975 0.752132153125 0.7905989265625 0.7536923328125 0.7887946984374999
0 0.04930443125 0.7994217984375 0.045749084375 0.8013193453125 0.0468157109375 0.8062213609375 0.0468157109375 0.8093839546874999 0.047575968749999996 0.8099447796874999 0.0536892875 0.8092258640625 0.05487439374999999 0.8065376609375001 0.0525041796875 0.7987893171875 0.04930443125 0.7994217984375
0 0.009575584375 0.6932454703125 0.015550590625 0.6916692578125 0.01611255625 0.6866703968750001 0.00861971875 0.6882950296875 0.009575584375 0.6932454703125
0 0.047074015625 0.6318446125 0.043608054687499995 0.6346905546875 0.0406753375 0.639048403125 0.038009196875 0.64305050625 0.041875092187500004 0.6456296390625 0.0432081546875 0.6458075046875 0.0428525234375 0.6450626125000001 0.0472073390625 0.6398488140625 0.0498734453125 0.6354020421875 0.0510065484375 0.6302437578125 0.047074015625 0.6318446125