0 0.3418570546875 0.6779010046875 0.3477744 0.684163003125 0.3443055609375 0.6672828640625 0.34859053906250004 0.65584790625 0.35430384375 0.64795230625 0.366546634375 0.64577425625 0.3461420328125 0.6288940453125 0.3373679703125 0.63651735 0.3311258453125 0.65425588125 0.334307278125 0.66020405 0.33206281249999997 0.6705499968749999 0.3418570546875 0.6779010046875
0 0.3973576640625 0.7045825859375 0.4042952546875 0.6972315625000001 0.4044992953125 0.693147628125 0.392460609375 0.68743015 0.383610209375 0.6918888640625 0.384298690625 0.69587025625 0.389807996875 0.6996819078125001 0.3973576640625 0.7045825859375
0 0.3059447984375 0.7315364328125 0.3116581015625 0.73398679375 0.317201421875 0.73047458125 0.3141067171875 0.7083942375000001 0.3059447984375 0.7203736984375 0.3059447984375 0.7315364328125
0 0.4784346765625 0.5266854265625 0.48821192968749993 0.5345030921875 0.4954057703125 0.514230828125 0.484374571875 0.5089470640625 0.4775860859375 0.5161178796875 0.4784346765625 0.5266854265625
0 0.37624721562499996 0.4333582671875 0.3757793484375 0.44340020312500006 0.3818228859375 0.44427195937499997 0.3831296546875 0.43577207500000004 0.37624721562499996 0.4333582671875
0 0.3719600796875 0.4836942875 0.3741459453125 0.4896047 0.3803528703125 0.483720178125 0.3774127515625 0.477181815625 0.3719600796875 0.4836942875
0 0.5077029343749999 0.4523359546875 0.5036194703125 0.44274633906250005 0.49657283281250003 0.44784894062499997 0.49790256875 0.45015652812500007 0.5032927484374999 0.4580025484375 0.5077029343749999 0.4523359546875
0 0.5057428953125 0.3858624703125 0.5016593968749999 0.38390095468749996 0.49806586875000003 0.38847782343750004 0.49675918750000003 0.3926188015625 0.5011457765625 0.3948435859375 0.50590623125 0.3971956640625 0.50590623125 0.3917470046875 0.50427279375 0.3880419390625 0.5057428953125 0.3858624703125
0 0.3539914734375 0.44214097187499996 0.3558632640625 0.44619949062500003 0.356063678125 0.444206609375 0.361829603125 0.44916532499999995 0.36042576406250004 0.4432336484375 0.35668217343749997 0.441828784375 0.3539914734375 0.44214097187499996
0 0.59040375625 0.703048890625 0.5931820546875 0.706146775 0.5964299359375 0.70113919375 0.59484806875 0.6976213640625 0.59108171875 0.6987269671874999 0.59040375625 0.703048890625
0 0.88094871875 0.6888758640625 0.8848973593749999 0.698535140625 0.8876734484375 0.700385325 0.8977303921875001 0.6890953875 0.8941108468750001 0.6829485734375 0.8847328375 0.6814118703125 0.88094871875 0.6888758640625
0 0.91570509375 0.7184125 0.91625854375 0.72050475 0.9167196984375 0.7208739859375 0.91615085625 0.7199673609375 0.9202247421875 0.72025861875 0.9211471109374999 0.7150895328125 0.9173653625 0.7152126078125 0.91570509375 0.7184125
0 0.9849909468750001 0.650806490625 0.9832254171875 0.6507796453125 0.98347130625 0.654692846875 0.9855608296874999 0.654692846875 0.9863206328125 0.65283415 0.9849909468750001 0.650806490625
0 0.9034299125 0.4300385609375 0.8932563484375 0.430235309375 0.8928140203125 0.43849811718750004 0.8937938187500001 0.4476320578125 0.9015131249999999 0.44754784531249997 0.904462009375 0.4453837796875 0.9043145234375001 0.43771118124999997 0.9034299125 0.4300385609375
0 0.0383124796875 0.11573187031250001 0.0264984203125 0.1187455265625 0.0214601 0.1203682484375 0.022018259374999998 0.1259110328125 0.036053925 0.1201364 0.0511689421875 0.1194409828125 0.0523850953125 0.1115591640625 0.0383124796875 0.11573187031250001
0 0.1053745765625 0.086986540625 0.1107603953125 0.0888410828125 0.1137139484375 0.09741830781250001 0.1142351578125 0.08976833749999999 0.123095646875 0.0825820171875 0.12639667968749999 0.0733093171875 0.12361685781250001 0.0587048296875 0.115972521875 0.042477621874999996 0.1142351578125 0.0559230203125 0.10780688125 0.063804803125 0.0980181859375 0.0829170203125 0.1025948484375 0.08791380625 0.1034634828125 0.0858274578125 0.1053745765625 0.086986540625
0 0.17191551875 0.0591684625 0.15506311875 0.0461866953125 0.1536732375 0.0498957765625 0.15395413125 0.0703433015625 0.1594064796875 0.0675138890625 0.16427108906250001 0.069832053125 0.17191551875 0.0591684625
0 0.1265703734375 0.1783225671875 0.1170148875 0.1794816421875 0.1072856703125 0.1880588921875 0.10172612031249999 0.1994179375 0.1015524265625 0.20498153125 0.10172612031249999 0.20544515156249998 0.11006549218749999 0.2019679 0.123095646875 0.1913043328125 0.1293501953125 0.18064074218749998 0.1265703734375 0.1783225671875
0 0.077229384375 0.1725271390625 0.07339420937499999 0.177828328125 0.077229384375 0.18388618437499998 0.081225265625 0.18179979375 0.077229384375 0.1725271390625
0 0.018680325 0.1938542953125 0.0190277953125 0.1998815703125 0.0198902625 0.199325334375 0.0266721875 0.19779521718749998 0.028409514062500002 0.19153611875 0.0216338125 0.190608853125 0.018680325 0.1938542953125
0 0.060898159375000004 0.34397384999999997 0.0622880421875 0.34698750624999997 0.0676738609375 0.345596571875 0.0695849546875 0.3356284609375 0.0602032546875 0.3386420546875 0.060898159375000004 0.34397384999999997
0 0.16520211875 0.3331746140625 0.171046790625 0.340728409375 0.1750427640625 0.33377389218750003 0.1639236640625 0.3251966796875 0.16520211875 0.3331746140625
0 0.21019407499999998 0.27720127968749997 0.2122222875 0.2834695578125 0.22299385156249998 0.28138319218749996 0.2214302375 0.2707195890625 0.21019407499999998 0.27720127968749997
0 0.25044415781249996 0.274196865625 0.25044415781249996 0.280919565625 0.250930034375 0.2792292984375 0.255308765625 0.280224115625 0.255308765625 0.277905928125 0.2530501921875 0.2732695875 0.25044415781249996 0.274196865625
0 0.25617753125 0.2438287953125 0.2606945671875 0.2542605765625 0.262779409375 0.2524060265625 0.25999964375 0.242206075 0.25617753125 0.2438287953125
0 0.346340453125 0.1716388296875 0.34974971875 0.163962503125 0.34463585625 0.157992028125 0.3398127140625 0.1623805828125 0.3390959453125 0.1699329859375 0.34080054375 0.1741975875 0.346340453125 0.1716388296875