0 0.3697255234375 0.04204318125 0.36450720468750003 0.04960283125 0.3624198765625 0.057162470312500005 0.3635219234375 0.0572337390625 0.3698746625 0.0631306515625 0.3731547125 0.062533834375 0.379118546875 0.052984765625 0.3697255234375 0.04204318125
0 0.477006059375 0 0.47632834218750003 0.006035321875 0.48512492500000004 0.0094172671875 0.48512492500000004 0.0008629453125 0.477006059375 0
0 0.029303384375 0.1845952171875 0.0255357234375 0.1845952171875 0.0244963984375 0.18702215312499998 0.0243664421875 0.18979578749999998 0.0260554 0.191876025 0.027614428125 0.1936095390625 0.031122257812499998 0.19100925625 0.0319017796875 0.1871954953125 0.029303384375 0.1845952171875
0 0.009555653125 0.2853130765625 0.0063076671875 0.2868732578125 0.0035793437499999996 0.2877400125 0.002598059375 0.2894876546875 0.0043588375 0.296927678125 0.0103351328125 0.29762108593750003 0.0138429640625 0.29138041718749996 0.009555653125 0.2853130765625
0 0.0335907640625 0.3246640953125 0.027874271875000002 0.31859675625 0.022148481249999998 0.32163850781250003 0.026964835937499997 0.34043917968750004 0.029953018749999998 0.344079584375 0.0360592015625 0.3364520625 0.0335907640625 0.3246640953125
0 0.1570655234375 0.27321950625 0.1570655234375 0.2758198 0.160313509375 0.27668653593750003 0.1633016640625 0.272872803125 0.1570655234375 0.27321950625
0 0.1934429875 0.2720060390625 0.188895803125 0.2720060390625 0.188116325 0.2768599109375 0.189415521875 0.2815404078125 0.19071467656250002 0.280326940625 0.192273746875 0.2751263734375 0.1934429875 0.2720060390625
0 0.29379954375 0.5881477281249999 0.29922849218750003 0.61792815625 0.3044563109375 0.61658668125 0.29701663906250003 0.5825136 0.29379954375 0.5881477281249999
0 0.2960112890625 0.687683990625 0.29178877812500004 0.6917084453125 0.28957703281249997 0.6941229984375 0.2907636484375 0.6958850609375 0.2954080703125 0.696001040625 0.301641303125 0.6900986859375 0.29922849218750003 0.685805946875 0.2960112890625 0.687683990625
0 0.300434865625 0.62731836875 0.29639295312499997 0.6334518921875001 0.3038530921875 0.6396597890625 0.3050595734375 0.6367085828125 0.300434865625 0.62731836875
0 0.409214865625 0.6844645578125 0.405796575 0.6680986843750001 0.3941344140625 0.6654157609375 0.3877000921875 0.6672938046875 0.38611000156249997 0.6714751 0.3834775828125 0.67614745 0.3858905 0.68741570625 0.3939333484375 0.6946596515625 0.409214865625 0.6844645578125
0 0.47054174375 0.7623723359375 0.4745631890625 0.7747137984375 0.47898676562500003 0.78303081875 0.49748537812500004 0.7706894140625 0.49386619375 0.7572747890625 0.47295461875000006 0.7596894562500001 0.47054174375 0.7623723359375
0 0.289690578125 0.9674931062500001 0.2897907671875 0.9633479421875 0.2894901265625 0.959871353125 0.2875861046875 0.958400490625 0.2853814234375 0.95866791875 0.2841431171875 0.9595582593750001 0.2829763109375 0.9621445078124999 0.283577559375 0.9674931062500001 0.2862833125 0.9694988109375 0.289690578125 0.9674931062500001
0 0.3736600046875 0.9740451374999999 0.364278340625 0.9864633234375001 0.3696515125 0.9946372359375 0.38117600625 0.9827366 0.3736600046875 0.9740451374999999