0 0.340681715625 0.3745808390625 0.3452014609375 0.3331518046875 0.3144303671875 0.3277649125 0.3086500375 0.3751052546875 0.327908315625 0.3808738125 0.33164211875 0.37589184375 0.340681715625 0.3745808390625
0 0.43579398593749996 0.2762524859375 0.43166721093750005 0.291198396875 0.43736608437499996 0.29382048906249997 0.44306495625000003 0.2828077171875 0.43579398593749996 0.2762524859375
0 0.43638359062500004 0.34023145781249997 0.43422192812500005 0.33603611093749997 0.4291125359375 0.3404936515625 0.42419973281249995 0.3404936515625 0.42400326875000005 0.3470488828125 0.43402537968750005 0.353079690625 0.43540097187500004 0.348359915625 0.43638359062500004 0.34023145781249997
0 0.3544056953125 0.47139792500000005 0.35319313750000003 0.46753979687499997 0.351420915625 0.46567296875 0.3501150875 0.46442842031250003 0.3476899828125 0.4592012921875 0.3464774265625 0.45870346562500003 0.34489177656250003 0.45994800781249995 0.344518684375 0.46268604375000005 0.34703706875 0.4661707953125 0.348063075 0.46704198437500005 0.3489958109375 0.4722691125 0.351980559375 0.47426038437500007 0.3540326015625 0.47338919687500003 0.3544056953125 0.47139792500000005
0 0.41947914218750004 0.5071341453125 0.4227965046875 0.50377616875 0.420508628125 0.49629699218749995 0.4190215078125 0.486070340625 0.410785175 0.48652826875 0.40462242187499997 0.490365665625 0.40472230312499996 0.49156526562499997 0.404449525 0.49047332499999996 0.4044433515625 0.49047716875 0.40609505781250005 0.4978233328125 0.40552305781250003 0.5071341453125 0.4128442453125 0.5143080671875 0.41764877812499995 0.5106447875 0.41947914218750004 0.5071341453125
0 0.25854985625000004 0.5937677515625001 0.254204971875 0.594355165625 0.25516649999999996 0.6048800828124999 0.258159471875 0.6048800828124999 0.2593305859375 0.6015810953125 0.25854985625000004 0.5937677515625001
0 0.8657101125000001 0.589953684375 0.8592600078125001 0.5845180609375 0.856100628125 0.5850697546875 0.8504335140625001 0.6019573703125001 0.85942970625 0.607845975 0.8657101125000001 0.589953684375
0 0.8044340953125 0.598107128125 0.8017182734375 0.602636853125 0.8037551390625 0.6060340921875 0.8066407140624999 0.6001455250000001 0.8044340953125 0.598107128125
0 0.8966027046875 0.690965890625 0.8932078734375001 0.6866626796874999 0.8874367234375 0.6893804984374999 0.8830235406250001 0.6945896578124999 0.8813261062500001 0.702743075 0.8864183359375 0.7056874078125001 0.8858012984375 0.703951853125 0.8915104749999999 0.702743075 0.892528953125 0.6995722890625 0.8957539609375 0.69617505 0.8966027046875 0.690965890625
0 0.58366388125 0.6290818703125 0.5806676765625001 0.63669685 0.58865755625 0.6427888234375 0.5906550265625 0.63536423125 0.58366388125 0.6290818703125
0 0.5736765312500001 0.5583797953125 0.568540184375 0.5682792375 0.57581671875 0.573990453125 0.5838066000000001 0.5669466187500001 0.5736765312500001 0.5583797953125
0 0.560122271875 0.4461761109375 0.5599796296874999 0.4513162015625 0.5610756859375 0.4494841671875 0.56568665 0.451887346875 0.5683975421875 0.44674721718750005 0.561406396875 0.44313013437500004 0.560122271875 0.4461761109375
0 0.688053709375 0.18398968437500002 0.6937269140625 0.18008268125 0.669020959375 0.1620127484375 0.6556614140625 0.1764198328125 0.653710634375 0.1911630796875 0.6772562640625 0.21451314375 0.6875046640625 0.1925362578125 0.688053709375 0.18398968437500002
0 0.3783831953125 0.6877786 0.3751682046875 0.6884220671875 0.3744448265625 0.6860626671875 0.37259620937500004 0.6875640953125 0.3720335859375 0.690352465625 0.3738768578125 0.6930462828125 0.375328975 0.6957147140625 0.378061696875 0.693569803125 0.3798299671875 0.6898162359375 0.3783831953125 0.6877786