0 0.9245671703125 0.3760462234375 0.919567040625 0.4093097390625 0.9382764781249999 0.41384042499999996 0.9436015515625 0.3808838796875 0.9245671703125 0.3760462234375
0 0.9304587625 0.4167127609375 0.9302725234375 0.4172979296875 0.9307986874999999 0.42880690781249997 0.9356705515625 0.4272951375 0.936010453125 0.41701513749999997 0.9304587625 0.4167127609375
0 0.9906624609374999 0.5034534875000001 0.9875632796874999 0.5062964546875001 0.9902546859375001 0.5133528218750001 0.9921151953124999 0.51585923125 0.9954080703124999 0.514825409375 0.994149028125 0.511465525 0.9906624609374999 0.5034534875000001
0 0.990178209375 0.4520212984375 0.9861105453125001 0.4513751640625 0.9857232015624999 0.453572025 0.9865264625 0.45682684062499995 0.9911467546875 0.46248866875 0.9944396296875 0.46119638749999997 0.9936647765625001 0.456544228125 0.990178209375 0.4520212984375
0 0.975747690625 0.43005278750000003 0.9741013046875 0.4309573734375 0.9729390671875 0.4314742734375 0.97429495625 0.43405880625000004 0.9766975125 0.4344425515625 0.9812680890625 0.43573875156249997 0.9828176703124999 0.433800353125 0.98010589375 0.43069891718750003 0.975747690625 0.43005278750000003
0 0.8863334437500001 0.0743562890625 0.883452490625 0.0734913671875 0.8821140562500001 0.077420034375 0.8853971484375001 0.0809873765625 0.88820609375 0.0818522984375 0.8884941906250001 0.0777198765625 0.8863334437500001 0.0743562890625
0 0.91478303125 0.0245197484375 0.9130544468749999 0.0192340859375 0.90995740625 0.0173120328125 0.9026109468750001 0.016158807812500002 0.9013865171875001 0.01635100625 0.8998740078124999 0.01635100625 0.8999460296875 0.011161475 0.8990817578125 0.009143321875 0.9008103406249999 0 0.8974252015624999 0.0019356374999999998 0.897065078125 0.006260240625000001 0.8973531578125 0.0213483390625 0.9042675078125001 0.020579521875 0.90930920625 0.0197145953125 0.911902078125 0.021060029687500002 0.91478303125 0.0245197484375
0 0.9238580953125 0.0059719328125 0.9247223765625 0.0002057828125 0.9192918984375 0 0.9238580953125 0.0059719328125
0 0.70901078125 0.011632090624999999 0.70565685625 0.0169789390625 0.709161 0.0246567359375 0.711563753125 0.021651053125 0.713516028125 0.012433625 0.70901078125 0.011632090624999999
0 0.7689305203125001 0.0793602828125 0.764275103125 0.0733488765625 0.764517903125 0.0786841125 0.7650259375 0.0829671046875 0.767879296875 0.08316745625000001 0.7720841875 0.0799614015625 0.7689305203125001 0.0793602828125
0 0.6439851734375 0.22050429062500002 0.638578865625 0.21649672187500002 0.632571878125 0.2158955921875 0.62926805625 0.22050429062500002 0.62926805625 0.2243115171875 0.62997836875 0.22488329999999998 0.6333227515625001 0.23332855156250001 0.6391795859375 0.228920215625 0.643834978125 0.224912646875 0.6439851734375 0.22050429062500002
0 0.7038174484375 0.31954464531250004 0.707959559375 0.3299884125 0.716519559375 0.32578045 0.7139665875000001 0.3173645234375 0.7038174484375 0.31954464531250004
0 0.8336270796875 0.22768808125 0.8239641234375 0.21828826562499998 0.823663815625 0.2222958234375 0.8336270796875 0.22768808125
0 0.75173015 0.535080075 0.7520304578125 0.536482728125 0.7550580921875001 0.5372657390625 0.7557848218750001 0.524259596875 0.7529315109375 0.5240592453125 0.7503785390625 0.5310725171875 0.75173015 0.535080075
0 0.476973059375 0.8625937359375 0.4732930515625 0.861979928125 0.47366431875000004 0.8668044421875001 0.47559301718749997 0.8691407218749999 0.479273025 0.8683223703125 0.476973059375 0.8625937359375
0 0.5372331109374999 0.7265386296874999 0.53247976875 0.72408349375 0.5284931359375 0.7257202406250001 0.5300072984375 0.7311329265625 0.5333998078125 0.7316534859375 0.538459775 0.7318580734375 0.5372331109374999 0.7265386296874999
0 0.544899784375 0.75865989375 0.5415264515625 0.7621380078125 0.5369264859375 0.76234260625 0.5391294953125 0.7637084093750001 0.5413731546875 0.770526384375 0.5453597875 0.7684804390625 0.5473531609375 0.764183940625 0.544899784375 0.75865989375
0 0.10231759843749999 0.5934580375 0.10849693593750001 0.6018806999999999 0.11428766718750001 0.5963616921875 0.107007846875 0.5862067375 0.10231759843749999 0.5934580375
0 0.054725853125 0.5442622171875 0.056711203125 0.53852244375 0.04528608125 0.533588025 0.054725853125 0.5442622171875
0 0.113791315625 0.480462453125 0.1129640234375 0.4855399421875 0.11302910156249998 0.4883958234375 0.1164384625 0.4892928625 0.11941660312499999 0.486643746875 0.11693481406249999 0.482890803125 0.113791315625 0.480462453125
0 0.059027496874999995 0.3169298328125 0.055708084375 0.32616740625 0.0603510875 0.330616965625 0.06564552031250001 0.3217865578125 0.0610129359375 0.31361840937499996 0.059027496874999995 0.3169298328125
0 0.26077646250000003 0.242152221875 0.255151140625 0.23994461406249998 0.25604214375 0.245053196875 0.26077646250000003 0.242152221875
0 0.21527781406250002 0.288953453125 0.2126306671875 0.2953555234375 0.22040674999999998 0.2975631078125 0.228348365625 0.29800461562499997 0.2268592765625 0.29071955312500003 0.21527781406250002 0.288953453125