0 0.2753958703125 0.5357222671875 0.267917325 0.5935079484375 0.3028982375 0.588321734375 0.3039582703125 0.547304109375 0.2753958703125 0.5357222671875
0 0.6488207046875 0.393986365625 0.6467006375000001 0.3836140640625 0.625853453125 0.3704129671875 0.6216133203124999 0.37654203750000004 0.61136639375 0.40341570937500004 0.6375139328125 0.428874946875 0.6403406640625 0.41520237031249996 0.6488207046875 0.393986365625
0 0.3903944046875 0.505200475 0.39653404999999997 0.5104389203124999 0.3986541921875 0.50006656875 0.3954740171875 0.49346602031250003 0.3903944046875 0.505200475
0 0.316128571875 0.683907590625 0.31468159375 0.6802980390625 0.3103407078125 0.6781994609375 0.30644022187500003 0.673582584375 0.303609209375 0.6755132749999999 0.3034204609375 0.678871 0.306125646875 0.6809695812500001 0.3075034578125 0.6816996171875 0.30933414375 0.686425884375 0.3134862953125 0.6884405140625 0.3154365484375 0.6871813703125 0.316128571875 0.683907590625
0 0.36954109375 0.7207128828125 0.3736687046875 0.7186238359375 0.379646675 0.7119767921875 0.38149703437500004 0.70248099375 0.379219690625 0.6935549640625001 0.3735264078125 0.6899465984375001 0.3651287796875 0.6979230484375 0.3647169640625 0.701273415625 0.3644171234375 0.709507865625 0.3664097796875 0.715585178125 0.36954109375 0.7207128828125
0 0.2183035125 0.8005043796875 0.21539038906250002 0.8005043796875 0.21516636249999999 0.8094742109374999 0.2194238640625 0.8106702312499999 0.2191998375 0.803494328125 0.2183035125 0.8005043796875
0 0.525104546875 0.7607613015625 0.5187854828125 0.7722173796875 0.5256487890625 0.7740737609375 0.531997809375 0.7694748828125 0.525104546875 0.7607613015625
0 0.532360559375 0.8278075140625001 0.529894865625 0.8332010140625 0.5358072203125 0.8389415390625 0.53961663125 0.8338586125 0.532360559375 0.8278075140625001
0 0.8028952703125001 0.781566903125 0.7987419203125 0.7984742218750001 0.807974484375 0.8048031265625 0.8134164703125 0.7866498296875 0.8028952703125001 0.781566903125
0 0.8272029546875 0.887098115625 0.823817384375 0.892490659375 0.8346403062500001 0.898232140625 0.83990099375 0.8909708843749999 0.8373613859375 0.878868609375 0.8272029546875 0.887098115625
0 0.9504072234375001 0.658810734375 0.9551697296875 0.6548426296875001 0.9531674156250001 0.6474213453125001 0.9498302890625 0.6465308046875 0.9504072234375001 0.658810734375
0 0.9222433703125 0.62871975625 0.9235466796875 0.628686040625 0.9293625390625 0.631688221875 0.93091986875 0.6233763984375 0.925358028125 0.6236732875000001 0.9222433703125 0.62871975625