0 0.6699914640625 0.173185321875 0.6710323421875 0.1829018203125 0.6916522890625 0.17088891875 0.68729596875 0.1608135796875 0.6699914640625 0.173185321875
0 0.7811022359375001 0.146863165625 0.7848388484375 0.150132690625 0.791557353125 0.14608813437499998 0.7872010953124999 0.13523779375 0.7811022359375001 0.146863165625
0 0.80869225 0.23870351875 0.7976562125 0.241416103125 0.8011004249999999 0.2565816109375 0.8057880265625 0.2561416109375 0.8118868859375 0.24645381406250003 0.80869225 0.23870351875
0 0.6463463968750001 0.2793923125 0.6572871078125 0.32302743437500003 0.6663855171875 0.3177560421875 0.650412303125 0.27900481250000003 0.6463463968750001 0.2793923125
0 0.7914451125 0.2131884203125 0.7930095421875001 0.21971542500000002 0.799689165625 0.2150652765625 0.7970754484375 0.2088650859375 0.7914451125 0.2131884203125
0 0.876651071875 0.1271000390625 0.8795552656250001 0.1317501671875 0.8839115218750001 0.1267125390625 0.8792647890625 0.12361241249999999 0.876651071875 0.1271000390625
0 0.9855591890625 0.1344627515625 0.975394421875 0.12167487031249999 0.9701669875000001 0.1507382609375 0.9745233078125001 0.158876015625 0.9797507421875 0.1592635375 0.9855591890625 0.1344627515625
0 0.9309598625 0.0464975046875 0.9234090609375001 0.0468850265625 0.9220459 0.056566123437500004 0.9239897625 0.0581228765625 0.933573828125 0.050760132812500004 0.9309598625 0.0464975046875
0 0.9039506421875 0.1429880484375 0.910049503125 0.1387254109375 0.910049503125 0.13485029375 0.9019177515625 0.13368773125 0.9039506421875 0.1429880484375
0 0.96610108125 0.048822584375 0.9614541624999999 0.057735365625 0.9646488296875001 0.06006042968750001 0.9701669875000001 0.051535168750000006 0.975104009375 0.050372621875 0.9692955624999999 0.048435078124999996 0.96610108125 0.048822584375
0 0.671104515625 0.451409553125 0.663747090625 0.44763377968749996 0.6629828953125 0.4577934015625 0.6701612421875 0.46021977031250005 0.672425125 0.4577025609375 0.671104515625 0.451409553125
0 0.8063684234374999 0.47054034375000003 0.7999541921875 0.47054034375000003 0.8036056281249999 0.4855403625 0.8050478562500001 0.4871538734375 0.806745678125 0.4841332125 0.8063684234374999 0.47054034375000003