0 0.45983431562500005 0.12345417656249999 0.456821125 0.13058129375 0.463265578125 0.13310143593749998 0.46473608750000006 0.1321203890625 0.465593903125 0.12835958593750002 0.45983431562500005 0.12345417656249999
0 0.492431309375 0.1561567921875 0.492308728125 0.15893651250000002 0.49284483906250004 0.1589045609375 0.49635274999999995 0.161879740625 0.499416375 0.1625337890625 0.499661471875 0.1569743140625 0.492431309375 0.1561567921875
0 0.4388092671875 0.0902420953125 0.4420652453125 0.0948394484375 0.4431681828125 0.089116509375 0.4408397921875 0.08829894375 0.4388092671875 0.0902420953125
0 0.7106742734375 0.12449110156250001 0.706761665625 0.1125997 0.7041532 0.1085392140625 0.693936996875 0.109409315625 0.687633284375 0.10128834375 0.6752433578125 0.101868403125 0.66307079375 0.1085392140625 0.6552456265625 0.10998937499999999 0.653506625 0.1279715203125 0.664625190625 0.140785359375 0.67959075625 0.184238259375 0.7208904765625 0.17263686875 0.7132826234375 0.127101428125 0.7106742734375 0.12449110156250001
0 0.7276289109375 0.12739146875000001 0.719803696875 0.1236210171875 0.7193689062499999 0.13203200625 0.7232815125000001 0.138412778125 0.72741155 0.13319217187500001 0.7276289109375 0.12739146875000001
0 0.702414315625 0.20599086562500002 0.679838978125 0.2341589671875 0.686981178125 0.25007617656250003 0.7141520890625 0.2251331921875 0.702414315625 0.20599086562500002
0 0.60133855 0.260283153125 0.5989475140625 0.254772490625 0.5927400421875 0.25902476406249997 0.594382803125 0.2657938453125 0.59742594375 0.2655037734375 0.60133855 0.260283153125
0 0.5938021671875 0.33917263750000004 0.5888027109375 0.32728117343749996 0.5859768843750001 0.33018155625 0.5755433203125 0.3327918671875 0.5763852203125001 0.3402192046875 0.5822816375000001 0.3420729578125 0.5874984546875 0.3464235 0.5938021671875 0.33917263750000004
0 0.6270462484375 0.3711241828125 0.623133640625 0.3702541046875 0.6233510015625 0.3841757484375 0.6272636078125 0.385915996875 0.6283505046875 0.37982526875 0.6270462484375 0.3711241828125
0 0.659572246875 0.4557760625 0.656608125 0.4665456359375 0.6589991609375 0.468285821875 0.6639986640625 0.46770574062500003 0.659572246875 0.4557760625
0 0.8294152546875001 0.33225953750000004 0.825937253125 0.33748017343750003 0.8248505421875001 0.34937160624999997 0.82658938125 0.3586526984375 0.8352841765625 0.34241075312499997 0.8294152546875001 0.33225953750000004
0 0.7832927359374999 0.34275653125 0.7815943437499999 0.3554623515625 0.7876806265625 0.3531420515625 0.7870285453125 0.3450210796875 0.7832927359374999 0.34275653125
0 0.7728997343749999 0.37663484375 0.7811596234375 0.3711241828125 0.77644653125 0.36407007187499996 0.7728997343749999 0.37663484375
0 0.8772769437499999 0.46753255625 0.8772769437499999 0.44514641250000003 0.871780896875 0.4509359421875 0.8772769437499999 0.46753255625
0 0.8513509562499999 0.5985940125 0.8550741093750001 0.6091506703125 0.8614935390625 0.6034403984375001 0.859591459375 0.59614394375 0.8513509562499999 0.5985940125
0 0.41695850468750006 0.7987246546875 0.41535686875 0.79682515 0.4107303203125 0.7999118578125 0.411141815625 0.8077885218749999 0.41464517343749996 0.807747259375 0.41642456250000004 0.80371084375 0.41695850468750006 0.7987246546875
0 0.2356293015625 0.8998730374999999 0.23490640625 0.9170485828125001 0.23901026875000003 0.9176808421875 0.2409676953125 0.9031971625 0.2356293015625 0.8998730374999999
0 0.3389039796875 0.8954458328125 0.3420422890625 0.9012976453125001 0.34542325625000003 0.8996356078125001 0.34346586874999996 0.8934622421875 0.3389039796875 0.8954458328125
0 0.4045020984375 0.9386210531250001 0.4032564609375 0.9424200390624999 0.40165486250000004 0.9514426437499999 0.40273482656250004 0.9498681437500001 0.40699337187499995 0.9526298453125 0.4103743203125 0.947406228125 0.409128684375 0.9426574703125 0.4045020984375 0.9386210531250001