0 0.0103483515625 0.6099074484375 0.01635510625 0.5915201625 0 0.5792619718750001 0.0023601484375 0.61253919375 0.0045928671875 0.6132641171875 0.0103483515625 0.6099074484375
0 0.479940709375 0.394446615625 0.4697618890625 0.42441658125000004 0.4983198875 0.4450021484375 0.508561421875 0.41471973906250004 0.479940709375 0.394446615625
0 0.15964535 0.6387341203125 0.16208715625 0.642812134375 0.16964348437500001 0.641531353125 0.17093361875 0.6348610156250001 0.15964535 0.6387341203125
0 0.160774178125 0.9218091265625 0.158193959375 0.9265428968749999 0.161804984375 0.9293131578124999 0.1649669203125 0.9295553015625 0.16464444375 0.9241760234375 0.160774178125 0.9218091265625
0 0.314080346875 0.7678139109375001 0.3029533 0.769104946875 0.30486574843750003 0.7802272109375 0.30504973125 0.77577526875 0.312145221875 0.7755600968749999 0.314080346875 0.7678139109375001
0 0.2532849203125 0.840326775 0.2434480421875 0.834947509375 0.24296425625 0.8390357734375 0.2475850078125 0.8476170703125 0.25118852187499996 0.8461364296875 0.25296244218749997 0.8439847203124999 0.2532849203125 0.840326775
0 0.283440765625 0.8450605812499999 0.2811831125 0.8465667828125 0.2790867140625 0.8497943296875 0.27777731875 0.8532642656249999 0.279731721875 0.8510853890625001 0.28376324375 0.849148834375 0.283440765625 0.8450605812499999
0 0.294890290625 0.8575405390625 0.28666593906250004 0.862489465625 0.2898911625 0.8670080718750001 0.2921488171875 0.8644260203125 0.295696553125 0.8599074140624999 0.294890290625 0.8575405390625
0 0.3356892953125 0.8530219328124999 0.3342379203125 0.849148834375 0.3292388796875 0.8500095296874999 0.32811005312499997 0.8528067343749999 0.3318190109375 0.85646465625 0.33310909375 0.857755715625 0.333431640625 0.85646465625 0.3356892953125 0.8530219328124999
0 0.517245128125 0.6859138312499999 0.5156738515625 0.68283885625 0.51179803125 0.6863331625 0.5072936968749999 0.6818604546875 0.490323878125 0.6930421734375 0.49598046093750003 0.7093954484375 0.5128455421875 0.69737510625 0.5128455421875 0.6937410468749999 0.5120075296875 0.6891285734375 0.517245128125 0.6859138312499999
0 0.49000959843749997 0.6958376000000001 0.4876003296875 0.6930421734375 0.48372449843750004 0.6930421734375 0.4822579703125 0.702406859375 0.48466727187499997 0.70324550625 0.4893810828125 0.7015682484375 0.49000959843749997 0.6958376000000001
0 0.552317540625 0.4541999296875 0.5549435734375 0.460112834375 0.5616728046875 0.455732896875 0.5610163 0.451790984375 0.552317540625 0.4541999296875
0 0.5777572109375 0.42748251562500006 0.575951821875 0.429015484375 0.5782271859375 0.4350618921875 0.5830092609374999 0.43930825625000003 0.5861276234374999 0.4338333515625 0.5777572109375 0.42748251562500006
0 0.476819309375 0.46274076875 0.4737008953125 0.46821562656250004 0.4742660890625 0.4745283765625 0.4776399359375 0.4739095421875 0.4789529953125 0.4721575390625 0.476819309375 0.46274076875
0 0.6705476640625 0.597024334375 0.678631940625 0.602149915625 0.6816310171875 0.5981474999999999 0.6740550640625 0.5915955640624999 0.6705476640625 0.597024334375
0 0.741568940625 0.7787381953125 0.736975275 0.787175028125 0.7554914265625 0.7998197578124999 0.7628436859375001 0.7868786296875 0.741568940625 0.7787381953125
0 0.750642 0.8789278140624999 0.7592457953125 0.8764230843749999 0.7576814734374999 0.8716223234375 0.74813913125 0.8726659328125 0.750642 0.8789278140624999
0 0.800543803125 0.8455312562499999 0.8074268328124999 0.8332163046875 0.8019517140625 0.8327988609375 0.7992923859375 0.8396868640624999 0.796163709375 0.8338424703125 0.7895935671875 0.8440701578124999 0.7963201359375 0.8568025968749999 0.7969458453125 0.8515844046875 0.800856690625 0.8476185421875 0.800543803125 0.8455312562499999
0 0.7952977703124999 0.6035698093749999 0.7932075984375 0.6043304359375 0.7930175890625 0.6104153890624999 0.7940477125000001 0.6113909390625001 0.7963428671874999 0.6210640546875 0.7985280453125 0.6197963484375 0.7980529984375 0.61016185 0.7952977703124999 0.6035698093749999
0 0.807432975 0.7500079000000001 0.8078140890625001 0.7423798109375 0.807941128125 0.73831148125 0.8027324515625001 0.735938296875 0.799307825 0.7453004234375 0.807432975 0.7500079000000001
0 0.692968034375 0.804421640625 0.6923239203125 0.8095275640624999 0.700336509375 0.8115411968749999 0.6989390078125 0.8047606937499999 0.692968034375 0.804421640625