0 0.026425471875000002 0.11700415312500001 0.025201218749999997 0.121360325 0.0309145234375 0.1254442 0.032750940625 0.12244933437500001 0.026425471875000002 0.11700415312500001
0 0.21723120156250003 0.0826156265625 0.22009800156249998 0.08759995937500001 0.2243829796875 0.0832437734375 0.2203020625 0.079159853125 0.21723120156250003 0.0826156265625
0 0.3149796625 0.1961380609375 0.3327317171875 0.203761365625 0.335792475 0.1866089296875 0.31865256406250003 0.180619184375 0.3149796625 0.1961380609375
0 0.354690253125 0.23791122968749998 0.357829509375 0.2470508609375 0.3766017875 0.2380662359375 0.3712965203125 0.23044293124999998 0.354690253125 0.23791122968749998
0 0.3692561171875 0.2198247609375 0.370276340625 0.22690353124999998 0.37476531562500004 0.226631278125 0.3721127703125 0.2179189359375 0.3692561171875 0.2198247609375
0 0.44216419531250006 0.306508059375 0.445569475 0.3093986046875 0.44720184218750003 0.295513315625 0.441284496875 0.2974191421875 0.44216419531250006 0.306508059375
0 0.384216403125 0.18196136875 0.38417389062499996 0.1846833953125 0.38693644531250004 0.18723530156249998 0.391484009375 0.1887664453125 0.393566540625 0.189049984375 0.3945440546875 0.18734871718749999 0.39352404218750003 0.18513707031249999 0.3904575234375 0.18419855937500001 0.389358971875 0.1825851640625 0.387063946875 0.18150769375 0.384216403125 0.18196136875
0 0.3524258921875 0.2335883359375 0.34885583593749997 0.23608353906250001 0.3519158828125 0.24067696249999998 0.35215862656249997 0.2386714390625 0.3536159125 0.23642379062500002 0.3543809234375 0.2329645375 0.3524258921875 0.2335883359375
0 0.5586135718749999 0.117223690625 0.5655718125 0.12336511562500001 0.5721336406249999 0.1080990328125 0.5654035656249999 0.10248650625 0.5586135718749999 0.117223690625
0 0.591881403125 0.07401534062500001 0.595352596875 0.0932819859375 0.624965115625 0.086546915625 0.6219365109375 0.069709359375 0.591881403125 0.07401534062500001
0 0.6801520609375 0.145858421875 0.6794790328125 0.142266403125 0.6783012625 0.1429399109375 0.675492590625 0.1478623390625 0.6816663265625 0.160451034375 0.6858727390625 0.156634509375 0.6838536203125 0.149450475 0.6801520609375 0.145858421875
0 0.631358678125 0.24508795781249998 0.628666640625 0.246434971875 0.62563814375 0.24935351875 0.62664759375 0.2531699953125 0.6306856859375001 0.25878256875 0.6367428234375 0.2511494984375 0.6342189984375 0.24508795781249998 0.631358678125 0.24508795781249998
0 0.43287798125 0.6482810109375 0.435792865625 0.644391634375 0.43398091875 0.6418687937499999 0.4272555734375 0.647118459375 0.4273632703125 0.650803865625 0.42925402031250004 0.6495424359374999 0.43287798125 0.6482810109375
0 0.4479251765625 0.701891390625 0.4479251765625 0.6975815515625 0.446034425 0.6967405906249999 0.445114090625 0.6997083625 0.4461920078125 0.7019965296875 0.4479251765625 0.701891390625
0 0.4521257703125 0.9048129609375 0.45774549999999997 0.8978438140625 0.456357096875 0.895109084375 0.449547284375 0.904019009375 0.449415075 0.9034897171875 0.4498117625 0.90640088125 0.4521257703125 0.9048129609375
0 0.4926894328125 0.8834869859375001 0.4951837 0.8823018796875 0.496874271875 0.8787192421875 0.4914047765625 0.8787192421875 0.4926894328125 0.8834869859375001
0 0.49060134375000003 0.9234193515625 0.49229975625 0.926753259375 0.4959792375 0.926089790625 0.4952831203125 0.9206494859375001 0.49060134375000003 0.9234193515625
0 0.51338216875 0.9925875734374999 0.509046125 0.997015628125 0.5097026875 0.9996201765625001 0.5157688796875 1 0.51338216875 0.9925875734374999
0 0.601211596875 0.9279448374999999 0.6033993703125 0.9223718312500001 0.6006149015625 0.9226372125 0.5979298749999999 0.9207795437499999 0.597093853125 0.925741 0.597134315625 0.9256890953125 0.5988248765625 0.929139053125 0.601211596875 0.9279448374999999
0 0.88583940625 0.9284445953124999 0.88368755625 0.92700898125 0.878546984375 0.9313158093749999 0.8786519343749999 0.9362045734375 0.8804597734374999 0.9367392703125 0.88655669375 0.9343465734375 0.88583940625 0.9284445953124999
0 0.9261268359375 0.8872902390625 0.9282279484375 0.8904329765625001 0.9348538328125 0.8877687875 0.9348538328125 0.884897553125 0.9261268359375 0.8872902390625
0 0.9648347109375001 0.917784296875 0.969522528125 0.908664975 0.967131578125 0.9062722765625001 0.9615128453124999 0.9129718203125 0.9648347109375001 0.917784296875
0 0.961700759375 0.9876124421875 0.9590553187499999 0.9884949000000001 0.9567729171874999 0.9939960671874999 0.9602835625000001 0.9966891484374999 0.964157265625 0.9911422734374999 0.961700759375 0.9876124421875
0 0.8950285906250001 0.8236013515625 0.89147184375 0.8281252374999999 0.8937058703125 0.8317956078125001 0.897201665625 0.8272572640625 0.8950285906250001 0.8236013515625
0 0.9128295359375 0.7948446671875 0.914680459375 0.7938499265625001 0.9143970265625001 0.7918328812500001 0.9124129468750001 0.7913286187499999 0.9107122984375 0.7928414078125 0.91033435 0.79422811875 0.9128295359375 0.7948446671875
0 0.9174310578125 0.62587863125 0.917832828125 0.6197670765625001 0.9167078359374999 0.6133338484374999 0.9151007 0.613119390625 0.914056078125 0.6165504562499999 0.913158490625 0.6244151078125 0.9142971234375 0.6271652828125001 0.9167078359374999 0.6274869578125 0.9174310578125 0.62587863125
0 0.8745205765625 0.6162288 0.8780068796875 0.627041515625 0.8848062499999999 0.6249136531249999 0.8809491109375 0.6140843921875 0.8745205765625 0.6162288
0 0.7711970640625 0.510389390625 0.7689281578125 0.5134167453125 0.7690975453125 0.5192735859375001 0.7729423328125 0.5183071375 0.7741640375000001 0.5124852703125 0.7711970640625 0.510389390625
0 0.9046897625 0.100001346875 0.90471205 0.1056201578125 0.9141365890625 0.1032914203125 0.9127403968750001 0.097935290625 0.9046897625 0.100001346875
0 0.2197921 0.8677990453125 0.2246094265625 0.8989476968749999 0.240712325 0.8952990312500001 0.2370663015625 0.86489399375 0.2197921 0.8677990453125
0 0.2190258359375 0.8533995609374999 0.22189892968749997 0.8624434843750001 0.22558344843749997 0.85986826875 0.2226007390625 0.8505039578125 0.2190258359375 0.8533995609374999
0 0.189615475 0.780505465625 0.1901418375 0.780505465625 0.1964581515625 0.7807395546875 0.19558093125 0.7758232734375 0.18979092343749998 0.7758232734375 0.189615475 0.780505465625
0 0.141072115625 0.7971451453125 0.142884453125 0.8017860375 0.1523135953125 0.78901966875 0.1430231125 0.791980009375 0.141072115625 0.7971451453125
0 0.1512625828125 0.7948790828125001 0.156612159375 0.8041912671875 0.159385384375 0.8012309578125001 0.1534228671875 0.792720084375 0.1512625828125 0.7948790828125001
0 0.1783822546875 0.8578469171875 0.177827603125 0.8596971359375001 0.17867979375 0.8628609453125 0.1822648265625 0.8617323265625 0.185038096875 0.8595121015625 0.1815715171875 0.8584019984375001 0.1783822546875 0.8578469171875
0 0.14524173125 0.8223231765625 0.1488469703125 0.8230632796874999 0.14926296249999998 0.8228782375 0.1471378703125 0.8194820421875001 0.1487083109375 0.814922425 0.1471830171875 0.8162175609375 0.1441324578125 0.8182527734375 0.14524173125 0.8223231765625
0 0.1664572484375 0.8400850562500001 0.1645159625 0.8391599484375 0.1638226078125 0.8391599484375 0.1625746765625 0.8439704656250001 0.1661798859375 0.8450805875 0.1702011625 0.846745771875 0.1697851703125 0.8413801937500001 0.1664572484375 0.8400850562500001