0 0.8562058 0.75432798125 0.8339567203125 0.74763855625 0.8422382562499999 0.764251609375 0.8478615749999999 0.7877293671875 0.8592895640625 0.784340821875 0.8562058 0.75432798125
0 0.9298528453125 0.6391174515625 0.9211459156249999 0.631372221875 0.9183862234375001 0.6332966828125 0.9175179765625 0.6347607671875 0.9249552453125001 0.6417798890624999 0.9298528453125 0.6391174515625
0 0.7535950328125 0.686047475 0.7580985640625 0.687921996875 0.761993209375 0.679336325 0.7565746359375 0.6761731796875 0.7535950328125 0.686047475
0 0.64593321875 0.4695863578125 0.6414884265625 0.4825883859375 0.6547639625 0.49020648125 0.660440865625 0.4792651421875 0.64593321875 0.4695863578125
0 0.6714792953125001 0.4809484125 0.6661177671875 0.48389414375 0.667694603125 0.4965187734375 0.6758946671875 0.49778116875 0.6790485078125 0.4881023390625 0.6714792953125001 0.4809484125
0 0.5774736046875 0.41411300625 0.58287113125 0.414459040625 0.579401915625 0.4064635015625 0.5756173921875 0.40772594218749997 0.5774736046875 0.41411300625
0 0.38638708125 0.5331299734375 0.38859476718749997 0.53986305 0.39521782499999997 0.5440712453125001 0.4031024125 0.53860063125 0.39521782499999997 0.5272385093749999 0.390802453125 0.5259760921875001 0.38638708125 0.5331299734375
0 0.4286417171875 0.3095369390625 0.4255686703125 0.3158241234375 0.43354685625 0.3187413234375 0.435607165625 0.31391063125 0.44216291406249997 0.3073501140625 0.43908991249999996 0.30051619218750003 0.4286417171875 0.3095369390625
0 0.5310753625 0.40111120156249996 0.5285420640625 0.4091367734375 0.5361970406250001 0.41313885937499994 0.5382457171875 0.40302469375000005 0.5310753625 0.40111120156249996
0 0.6199525453125 0.2627822359375 0.623675353125 0.2666200734375 0.6261337296875 0.260332875 0.6226509609375 0.260332875 0.6199525453125 0.2627822359375
0 0.0748606734375 0.4300073515625 0.0693892328125 0.43166556875 0.0762934015625 0.4421944875 0.08023346718749999 0.44099965625 0.0811288796875 0.4340697171875 0.0748606734375 0.4300073515625
0 0.2247918640625 0.024688853125 0.2213740453125 0.027356140625000004 0.22568731406250003 0.034486378125 0.23392558125 0.034486378125 0.2317764328125 0.0273174453125 0.2247918640625 0.024688853125
0 0.23140190781249997 0.046170953125000004 0.23500007968749997 0.0516917296875 0.23750736093749997 0.048585175 0.23446280156250002 0.0461955765625 0.23140190781249997 0.046170953125000004
0 0.3386941484375 0.0239719609375 0.333679584375 0.0191927015625 0.33045588124999997 0.03018500625 0.335470446875 0.0332915609375 0.337261384375 0.0294681515625 0.3386941484375 0.0239719609375
0 0.3134422421875 0.128064290625 0.3139794625 0.1264871828125 0.3139794625 0.12839890781250002 0.3218595578125 0.12983266875 0.3225758640625 0.1221858484375 0.3134422421875 0.12051310625 0.3134422421875 0.128064290625
0 0.263833821875 0.1489497296875 0.259918646875 0.156551190625 0.26687838125 0.162570703125 0.2715348109375 0.1565966265625 0.263833821875 0.1489497296875
0 0.23422224531250002 0.1966894578125 0.235179221875 0.20032689062500003 0.24073100625000002 0.197459265625 0.237865590625 0.1926800703125 0.23422224531250002 0.1966894578125
0 0.44049700625000004 0.1797399328125 0.4395539125 0.1801593796875 0.4398682765625 0.1817323703125 0.4410471453125 0.181522625 0.44230461249999997 0.183619940625 0.4425906140625 0.18355801562500002 0.4508710734375 0.1790058765625 0.4494564296875 0.173028559375 0.44175447187500005 0.1772231578125 0.44049700625000004 0.1797399328125
0 0.4755948421875 0.1586048203125 0.4774349875 0.1604447453125 0.481521715625 0.153628509375 0.47932115625 0.152579865625 0.4755948421875 0.1586048203125
0 0.4436907546875 0.20117203749999998 0.4452125140625 0.21329675781250002 0.4512640515625 0.21266756406249998 0.449692221875 0.1999788828125 0.4436907546875 0.20117203749999998
0 0.41935591875 0.1797399328125 0.41849141406249996 0.1751258703125 0.41629085468750004 0.17565017968750002 0.416448040625 0.179425325 0.41731254531250006 0.1805788390625 0.41636946874999997 0.182885884375 0.4151119859375 0.185612378125 0.41283285468750003 0.1852977703125 0.41605507968750005 0.1915896734375 0.41967030781250003 0.19200915000000002 0.41974887968749997 0.18666103125 0.41935591875 0.1797399328125
0 0.692153871875 0.066467496875 0.6942623515624999 0.074525328125 0.7084134171875001 0.0651769421875 0.7048756515625 0.057864831250000005 0.692153871875 0.066467496875
0 0.6553760984375 0.10743997812499999 0.6565955 0.1113635484375 0.657566653125 0.1112709828125 0.657566653125 0.10627282812500001 0.6553760984375 0.10743997812499999