0 0.2727583046875 0.034599006249999995 0.26107173906250003 0.028295215624999998 0.253860846875 0.0405710109375 0.2613203296875 0.06280010312499999 0.27400163125 0.05583276875 0.2797205515625 0.0475383453125 0.2727583046875 0.034599006249999995
0 0.36127831875 0.128160378125 0.3386510140625 0.132473446875 0.34366965 0.1569995296875 0.36376489218749997 0.1457445625 0.36127831875 0.128160378125
0 0.22253065312500003 0.3814344890625 0.22775233906249998 0.3900606984375 0.238444434375 0.3794438484375 0.2304875828125 0.369822265625 0.22253065312500003 0.3814344890625
0 0.1476271796875 0.361860803125 0.1476271796875 0.35788861562499996 0.1439414109375 0.3575103125 0.140822684375 0.3581723453125 0.14096444531250002 0.3635631578125 0.1446502125 0.3688594140625 0.145571653125 0.3678190859375 0.147272778125 0.365643840625 0.1476271796875 0.361860803125
0 0.750109765625 0.81917785625 0.75559449375 0.79783263125 0.750262084375 0.79071755625 0.744167890625 0.7947833203125 0.73731198125 0.7892945421875 0.73137010625 0.79783263125 0.7207052859374999 0.8206008718750001 0.7111069718749999 0.8382869390625001 0.714915834375 0.851094096875 0.7148337390624999 0.8573576375 0.7232953156249999 0.865324246875 0.735483684375 0.8702031578125 0.750109765625 0.81917785625
0 0.7488908859375 0.7403021546875 0.7455390890625 0.7476205218749999 0.74629099375 0.7549198374999999 0.74812911875 0.7529060296875 0.7507191828125 0.7468073953125 0.7488908859375 0.7403021546875
0 0.85824969375 0.87892055625 0.857203965625 0.88861029375 0.8622386499999999 0.88966988125 0.8637247265625 0.8796510937500001 0.85824969375 0.87892055625
0 0.8634118687499999 0.8539779046874999 0.8608307609375 0.8506383046874999 0.8573110953124999 0.85616951875 0.8555121765625 0.8619094453124999 0.8565289703125 0.8626399828125001 0.8590318421875001 0.8609701828125 0.8634118687499999 0.8539779046874999
0 0.9776081953125001 0.8997037171875 0.979967896875 0.8990183500000001 0.98509035625 0.8894642203125 0.9800063234374999 0.8870323265625 0.975497865625 0.89803978125 0.9776081953125001 0.8997037171875
0 0.937137959375 0.7247923562499999 0.9369770359375 0.7237187234375 0.93456308125 0.7211420171875 0.9319882906249999 0.7241481859375 0.933597565625 0.7305899796875 0.9374597687499999 0.72844271875 0.937137959375 0.7247923562499999
0 0.9440577890625 0.6202452328125 0.9442187109375 0.6226072203124999 0.947661196875 0.6257021921875 0.9504949203124999 0.61960105 0.9475981812500001 0.615306528125 0.9456670624999999 0.6157359796875 0.9440577890625 0.6202452328125
0 0.92136709375 0.723743340625 0.9165392375 0.7263200484375 0.9237262953125001 0.727517003125 0.937298846875 0.71107450625 0.9326319968749999 0.70377378125 0.924746565625 0.718589928125 0.92136709375 0.723743340625
0 0.601309090625 0.767716946875 0.6052329703125 0.773712909375 0.60957804375 0.7685594734375 0.6037846703125 0.761688234375 0.601309090625 0.767716946875
0 0.5262177609375 0.6090178015625 0.5263786484375 0.6150301390624999 0.5280964499999999 0.619315284375 0.534425003125 0.621686646875 0.5352296828124999 0.6169626625 0.5305627484375 0.6122386953125 0.5262177609375 0.6090178015625