0 0.1952324265625 0.07442773593749999 0.189518303125 0.068741775 0.182634815625 0.07880718125 0.18767819375 0.0846366328125 0.1952324265625 0.07442773593749999
0 0.3767373328125 0.6615441109375 0.37009303125000004 0.6509898671875 0.36452059375 0.6562432796875 0.3628158546875 0.6564780734375 0.372624184375 0.666610128125 0.3767373328125 0.6615441109375
0 0.5383579296875001 0.668800434375 0.5384152624999999 0.6910959328125 0.5573990125 0.6910959328125 0.5577153984375001 0.672098334375 0.5383579296875001 0.668800434375
0 0.2716940671875 0.8726284578125 0.2644168921875 0.8840270718750001 0.272326771875 0.89035954375 0.274225153125 0.8798053328125001 0.2716940671875 0.8726284578125
0 0.3215377875 0.8365102468750001 0.330468625 0.8395527578124999 0.3306586984375 0.8332141453125 0.325148096875 0.83042516875 0.3215377875 0.8365102468750001
0 0.483584521875 0.5041399171875 0.48855006718749994 0.514860953125 0.49235049062499997 0.514860953125 0.491970403125 0.5047192015624999 0.483584521875 0.5041399171875
0 0.8832804953125001 0.885114753125 0.8768868 0.8855637015625 0.875828053125 0.8959417359374999 0.8826073859375001 0.9003810359375001 0.8866456125 0.8972379703125 0.8832804953125001 0.885114753125
0 0.69719099375 0.6730706328125 0.69499245 0.6666978515624999 0.6924906890625 0.6633597328125 0.6874113656249999 0.6665966937500001 0.6891872265625001 0.67971128125 0.6894582421875 0.6796457234375 0.695523128125 0.676509925 0.69719099375 0.6730706328125
0 0.6804367265625 0.675093740625 0.677631721875 0.672868334375 0.6718700796875 0.674790284375 0.6725523828125 0.680758446875 0.674826709375 0.6804549796875 0.6782382078125 0.6801515015625 0.6804367265625 0.675093740625
0 0.5112968734375001 0.34099534062500003 0.51633238125 0.351787790625 0.5199714906249999 0.3467379328125 0.5153134421875001 0.33780358593750004 0.5112968734375001 0.34099534062500003
0 0.4423464265625 0.0395195953125 0.4493870765625 0.0401750015625 0.4535623375 0.033402334374999995 0.45765572499999996 0.023789496875 0.45683704531249997 0.015050539062500002 0.45544527500000004 0.00532846875 0.45045136093749993 0.0012866984375 0.44242831718750003 0.005109990625 0.44070909374999995 0.011664203125 0.4355514234375 0 0.42752837968749996 0.005437701562499999 0.4153300578125 0.01974771875 0.39854715625 0.0453091328125 0.390278521875 0.0628962640625 0.39936583593749997 0.0632239828125 0.410418009375 0.05120792187499999 0.41492071406250003 0.0553589328125 0.41582128437500004 0.05284648125 0.41931550937499995 0.050438000000000004 0.42998439062499993 0.032528426562500004 0.43415966875 0.0329653890625 0.4423464265625 0.0395195953125
0 0.552063665625 0.0211022984375 0.550855625 0.025498337500000003 0.5559073953125 0.029821123437500003 0.556511415625 0.0263775546875 0.552063665625 0.0211022984375
0 0.5810362234374999 0.26861976875 0.5781113359375001 0.2691729640625 0.5785020984375 0.27353802968749996 0.5811130375 0.275894684375 0.5819577453125 0.2743577421875 0.5810362234374999 0.26861976875
0 0.577887784375 0.2285564109375 0.57466253125 0.22671206093750002 0.5708554312499999 0.2265048234375 0.5710532984375 0.2299909046875 0.573741009375 0.2293761265625 0.57773418125 0.2308106203125 0.577887784375 0.2285564109375
0 0.287507565625 0.6785122765625 0.2819966875 0.6817292953125 0.279930065625 0.682648415625 0.280071525 0.683660171875 0.28285773281250004 0.69390798125 0.2892296578125 0.6913803515625 0.2914684515625 0.6831079875 0.287507565625 0.6785122765625
0 0.14137635937499998 0.6895089375000001 0.1387337109375 0.69321134375 0.13812685156249999 0.6923518640624999 0.139130109375 0.698853121875 0.14639734531249998 0.6983242125 0.14573668906249998 0.6907430734375 0.14137635937499998 0.6895089375000001
0 0.11613906562500001 0.6669418921875 0.1124393625 0.6708206265625 0.1089953625 0.6679822765625001 0.1120429640625 0.6729362890624999 0.12076369375 0.6720547609375 0.12063159375000002 0.666589284375 0.11613906562500001 0.6669418921875