0 0.635139315625 0.0164889640625 0.6273091796875 0 0.6074065640625 0.0008960375 0.6093251796875 0.0285908765625 0.635139315625 0.0164889640625
0 0.6056623625 0.0014062765624999998 0.5845575140625 0.00047534843750000004 0.5941506484375 0.0270065375 0.5976390515625 0.0270065375 0.6044414234375 0.023050146875 0.6056623625 0.0014062765624999998
0 0.465603178125 0.12196029374999999 0.4621147578125 0.1263821734375 0.464334359375 0.13047864375 0.4694403921875 0.134993134375 0.4694403921875 0.12661487031250002 0.465603178125 0.12196029374999999
0 0.6344444499999999 0.21276537499999998 0.637616821875 0.21684716874999999 0.6379567109375001 0.217754203125 0.638250725 0.217011246875 0.639882821875 0.215486571875 0.637050315625 0.20853242500000002 0.63410455 0.20566005625 0.6344444499999999 0.21276537499999998
0 0.6513260921875 0.20581124375 0.6554984484374999 0.20722439218750002 0.6591438078125 0.1990083015625 0.6556315234375 0.1990083015625 0.6537053890625 0.202031834375 0.6513260921875 0.20581124375
0 0.3623397765625 0.1741035453125 0.3648132625 0.18292751093749998 0.37748835468749997 0.18339730468749998 0.3769015484375 0.1738448625 0.3623397765625 0.1741035453125
0 0.371171553125 0.2897473171875 0.3783413875 0.2900303390625 0.373358096875 0.27599326562500004 0.371171553125 0.274742915625 0.371171553125 0.2897473171875
0 0.2671150296875 0.3589437984375 0.2721250671875 0.354538746875 0.26759575468749996 0.3464113375 0.2619732203125 0.3516212265625 0.2671150296875 0.3589437984375
0 0.1488937859375 0.2395122078125 0.1452414734375 0.2450623546875 0.14658028750000002 0.248754171875 0.150618459375 0.24546845 0.1488937859375 0.2395122078125
0 0.1797260203125 0.14694922500000002 0.1804455625 0.156666390625 0.1871414046875 0.15422974375 0.180851371875 0.145836865625 0.1797260203125 0.14694922500000002
0 0.1700973640625 0.289380096875 0.168778509375 0.28586048750000004 0.16289423125 0.2882971265625 0.1655319953125 0.2928996921875 0.1677639828125 0.2927643125 0.1700973640625 0.289380096875
0 0.216608065625 0.30978192031249996 0.21417323281249998 0.3153320671875 0.2203780328125 0.32435074375 0.2233039390625 0.31776870625 0.22381122968749997 0.30978192031249996 0.216608065625 0.30978192031249996
0 0.0450060859375 0.6796920671875 0.0409955140625 0.6814233749999999 0.0395106515625 0.6962850875 0.0468933671875 0.6954311734374999 0.0479549859375 0.687246846875 0.0450060859375 0.6796920671875
0 0.094194178125 0.785458865625 0.087808003125 0.7888136203125 0.0888861046875 0.7917545515625 0.09431213125 0.7912823421875 0.09596353125 0.7884493390625 0.094194178125 0.785458865625