0 0.8482016484375 0.1539236515625 0.8485840046875 0.15732472343749998 0.8538093312499999 0.1617461296875 0.8662991812499999 0.14031939531249998 0.853936775 0.125014584375 0.8441233640625001 0.1452509328125 0.84126644375 0.14740850156250002 0.8434861218749999 0.15137285625000002 0.8456527609375 0.1491621578125 0.8482016484375 0.1539236515625
0 0.9546531593750001 0.7344936828125 0.9455335234375 0.7371390265625 0.9364138421874999 0.7416360609375 0.9340347890625 0.744281334375 0.9383964453125 0.7535399375 0.9461282656250001 0.759888703125 0.9500933843749999 0.7643857234375 0.95842003125 0.7545980875 0.9613937859374999 0.7437522734375 0.96079904375 0.7395198062499999 0.9546531593750001 0.7344936828125
0 0.691520196875 0.7958244453125001 0.714089634375 0.8138966328125001 0.7224162828125 0.80463804375 0.6940660265624999 0.786120834375 0.691520196875 0.7958244453125001
0 0.7353027062499999 0.8337364718750001 0.7384748140624999 0.828710378125 0.7317341468749999 0.8244778390624999 0.7295534031249999 0.8250069421875 0.7286799234375 0.8273377609375 0.7353027062499999 0.8337364718750001
0 0.410201071875 0.8882581875 0.41010318124999995 0.8847324953125 0.40589505312499996 0.8847324953125 0.40364418750000003 0.887082934375 0.4051603015625 0.8886001859375 0.410201071875 0.8882581875
0 0.5031713812499999 0.79854968125 0.5015077515625 0.7975050484375 0.4997461578125 0.8023365046875 0.50277998125 0.8046869484375 0.504932975 0.810040740625 0.5063030640624999 0.8114771046874999 0.5069424625 0.8114020734375 0.5084560171875 0.8095184015625 0.5066944640625 0.8062539031249999 0.504443609375 0.8012918609374999 0.5031713812499999 0.79854968125
0 0.5003526421875 0.8097795609375 0.495165878125 0.80769028125 0.49262145156250003 0.815916821875 0.4978082171875 0.818528440625 0.50172273125 0.81448044375 0.5003526421875 0.8097795609375
0 0.5135642515625001 0.7618069921874999 0.520023234375 0.7608929328125 0.520218934375 0.756714353125 0.51131335625 0.75684495 0.5135642515625001 0.7618069921874999
0 0.5454713625000001 0.7389764421875 0.5448805390625 0.7431340484375 0.5530032140625 0.741305928125 0.5523181687500001 0.7385637484375 0.5454713625000001 0.7389764421875
0 0.4814879875 0.6682244859375001 0.4835201203125 0.6784442953125 0.4914470625 0.6830145953125 0.495655221875 0.6792277578125 0.495655221875 0.670348315625 0.486847503125 0.6666920765625 0.4814879875 0.6682244859375001
0 0.3451248453125 0.542891721875 0.3425524921875 0.5388349484375 0.342091075 0.5447198421875 0.34757143749999997 0.5456339015625 0.3518774140625 0.5406718796875001 0.3451248453125 0.542891721875
0 0.41344154375000003 0.43754709218750004 0.4140207703125 0.4353251 0.4102040953125 0.4287961109375 0.40120062343749996 0.43480278281249995 0.40609382812500006 0.4419846734375 0.413433565625 0.43754496249999997 0.41344154375000003 0.43754709218750004
0 0.43643149843750007 0.41064549218749996 0.42840670625 0.40633635 0.4259461546875 0.4102051984375 0.4250793234375 0.4115595515625 0.43251697343749995 0.41482405 0.43643149843750007 0.41064549218749996
0 0.4500345515625 0.29607656250000003 0.4475879546875 0.29868815937500004 0.44461126562500003 0.3037372359375 0.45649353281250005 0.313966021875 0.4607995015625 0.3087428203125 0.457374278125 0.30182208125 0.4500345515625 0.29607656250000003
0 0.210535090625 0.008680031250000001 0.2038632828125 0.00825036875 0.2043900609375 0.021925153125 0.207856484375 0.0231865953125 0.21352886718750003 0.024658275 0.210535090625 0.008680031250000001
0 0.069319815625 0.10021307500000001 0.0757931 0.107703103125 0.0787868765625 0.1026573265625 0.07153889375 0.0948784359375 0.069319815625 0.10021307500000001
0 0.11376624531249999 0.2619356265625 0.1142595390625 0.2749422171875 0.11849323281249999 0.2728681234375 0.1206991421875 0.2652994546875 0.11376624531249999 0.2619356265625
0 0.0357716578125 0.699941271875 0.0321413890625 0.7021556 0.039238046875 0.72580078125 0.05278861875 0.719283359375 0.0575155734375 0.7146580734375 0.0557823625 0.698890046875 0.0477465453125 0.6938442828125 0.0357716578125 0.699941271875
0 0.1410250171875 0.9335284843749999 0.1366132 0.9350001640625001 0.135195075 0.93962545 0.1350375484375 0.9459326390625 0.1369282859375 0.9545524640625 0.13771615312500002 0.9509783796875 0.14039475937499998 0.9431995109375 0.1410250171875 0.9335284843749999
0 0.0723266765625 0.7941736578125 0.07676381875 0.794347584375 0.0792595734375 0.7897586171875 0.0761082703125 0.784712853125 0.0739023625 0.784712853125 0.0723266765625 0.7941736578125
0 0.0330392375 0.183826896875 0.040910171875 0.183924746875 0.041071929687499995 0.17939161875 0.0325785203125 0.17939161875 0.0330392375 0.183826896875
0 0.8211202109375 0.0059810703125000005 0.8243247859375 0.011832203125 0.824092384375 0.010800054687500001 0.8346130015625001 0.016333103125 0.8422026765625 0.01115706875 0.83613094375 0.0066562046875 0.8211202109375 0.0059810703125000005
0 0.9004171859375001 0.05256509375 0.9012604390625001 0.082495878125 0.9059829015625 0.0822708171875 0.9034530171874999 0.0521150203125 0.9004171859375001 0.05256509375
0 0.8921412328124999 0.257670409375 0.889593028125 0.257226934375 0.8871555531249999 0.2563399328125 0.8867123828125001 0.2665403359375 0.8915872968749999 0.2629923703125 0.8930276078125001 0.260035715625 0.8921412328124999 0.257670409375