0 0.7575705421875 0.0330072171875 0.7641489390625 0.0352723890625 0.7764570843749999 0.05141205 0.80913720625 0.0007279703125 0.7635123796875 0 0.7479934984375001 0.00615738125 0.74844551875 0.0075235609375 0.7556606578125 0.0225306203125 0.7575705421875 0.0330072171875
0 0.7535390734375 0.26988738125 0.7479504343750001 0.2688480484375 0.756169725 0.2894436125 0.7621827421875 0.287437903125 0.7625584578125 0.27389888125 0.7535390734375 0.26988738125
0 0.534703284375 0.1725717578125 0.5355829828124999 0.16239936093750001 0.531917675 0.162008084375 0.5316528125 0.166493225 0.532210903125 0.17120239375 0.5336770109375 0.1727674078125 0.534703284375 0.1725717578125
0 0.33752731874999997 0.18967946093750002 0.338275978125 0.196218853125 0.347498584375 0.19677818281249998 0.345961478125 0.18801492656250002 0.33752731874999997 0.18967946093750002
0 0.35839811718750003 0.2885485828125 0.3522496484375 0.2872434171875 0.3414394640625 0.290484540625 0.342468053125 0.2974982671875 0.3533675859375 0.297125384375 0.360633871875 0.296006675 0.35839811718750003 0.2885485828125
0 0.427568015625 0.299922171875 0.43399584375 0.30943122500000003 0.4381880390625 0.304956378125 0.4324588140625 0.2954473140625 0.427568015625 0.299922171875
0 0.38844157031250004 0.2855653484375 0.3891187359375 0.2839599390625 0.3927734078125 0.2876163203125 0.394869459375 0.28314144375 0.39123634687500003 0.2775478984375 0.38844157031250004 0.2855653484375
0 0.45293560624999996 0.21969262343749998 0.4521616796875 0.22683286093750002 0.45649351562499996 0.23018901406249997 0.4531398390625 0.22049349999999998 0.45293560624999996 0.21969262343749998
0 0.8772524203125001 0.2918355453125 0.869491903125 0.2955891828125 0.8662553140625 0.2997183421875 0.869491903125 0.30477918593750003 0.8805506109374999 0.2940359453125 0.8805506109374999 0.2917060921875 0.8772524203125001 0.2918355453125
0 0.887050040625 0.38251572968750003 0.884756959375 0.38872148906250004 0.8862739921875 0.391446840625 0.8906393046875 0.38626938593750004 0.887050040625 0.38251572968750003
0 0.91945021875 0.398048103125 0.9167340390625001 0.39727147500000004 0.9161519765625 0.3992130234375 0.9150849375 0.3999896390625 0.9187711734375 0.4012840046875 0.91945021875 0.398048103125
0 0.6735509546875 0.5586806265625001 0.6735755796875 0.569587609375 0.6792066 0.5698466609375 0.6811483359375 0.560260446875 0.6735509546875 0.5586806265625001
0 0.6848375796874999 0.5587059578125 0.683284240625 0.561815003125 0.6850318093750001 0.5677740015625 0.6847630515625001 0.5645737453125 0.6893036171875 0.5638876640625 0.6893036171875 0.5581877859375 0.6852259765625 0.55792869375 0.6848375796874999 0.5587059578125
0 0.646585478125 0.498338659375 0.6467098734375 0.5015627046875 0.6535756703125 0.49807958125 0.65202233125 0.4877161140625 0.6452262640625 0.492897834375 0.646585478125 0.498338659375
0 0.585032478125 0.5102566765625001 0.5855529796875001 0.510629040625 0.5871683812499999 0.518547446875 0.5918285453125 0.5164747453125 0.5891101171875001 0.50274315625 0.585032478125 0.5102566765625001
0 0.45757081718750003 0.527615490625 0.45950182812499996 0.5319349328125 0.46436690468749997 0.5278746109375 0.46261929375 0.5221746640625 0.45834748750000004 0.52424739375 0.45757081718750003 0.527615490625
0 0.483676728125 0.6039632875 0.4909757328125 0.5953567046875 0.49403107031250004 0.586070603125 0.48995723281250003 0.581314321875 0.48180955625 0.5795024375 0.47773571875 0.584032221875 0.4719645 0.5917328375 0.46873933437500004 0.5980745453125 0.4644957578125 0.6026043671875 0.46313781875000004 0.6082665781250001 0.46636292968750004 0.61981755625 0.47281317187500005 0.6191381078125 0.47858444375 0.6121169281250001 0.483676728125 0.6039632875
0 0.17202859375 0.5359774609375 0.1790803703125 0.554522665625 0.1933391390625 0.546128940625 0.1841128109375 0.527103209375 0.17202859375 0.5359774609375