0 0.138482559375 0.041678946875 0.1389240109375 0.060525520312500004 0.1596539859375 0.0594732328125 0.1499587953125 0.0519856390625 0.14863460781249999 0.0437402890625 0.138482559375 0.041678946875
0 0.240885921875 0.0808444203125 0.2403636578125 0.081113246875 0.244417009375 0.079960984375 0.2413272546875 0.0749549109375 0.239120284375 0.07613281718750001 0.240885921875 0.0808444203125
0 0.1916704859375 0.2160095265625 0.195643025 0.21836543125 0.1987327796875 0.2124758109375 0.2002776578125 0.20481938125000002 0.19476024218750002 0.20187466718749997 0.1928646640625 0.2094076125 0.19476024218750002 0.2098255015625 0.1903462984375 0.2127702796875 0.1916704859375 0.2160095265625
0 0.1454588640625 0.25294818281250003 0.13624834218749998 0.263633175 0.13987743125000002 0.266679240625 0.1447611875 0.2601628078125 0.1454588640625 0.25294818281250003
0 0.25464570625 0.337008421875 0.25098288750000003 0.3439903109375 0.2485410109375 0.3572559125 0.2540541125 0.35851086875 0.2562155296875 0.3477139609375 0.25638994375 0.3391029875 0.25464570625 0.337008421875
0 0.2375525578125 0.3812270390625 0.2314478625 0.3749433671875 0.21993614843749998 0.38192523125 0.224450071875 0.3906797015625 0.224994375 0.3975181203125 0.2297036609375 0.3984490609375 0.2370292953125 0.3930962921875 0.2375525578125 0.3812270390625
0 0.1210401015625 0.45974651718750004 0.1112725890625 0.4625392625 0.1097028109375 0.47161571875 0.106214390625 0.4758048890625 0.10900510625 0.486510453125 0.1130534234375 0.4855573953125 0.1123190859375 0.49465599375 0.1161563453125 0.494423234375 0.1231331125 0.47766669375 0.1210401015625 0.45974651718750004
0 0.45117228593750003 0.0407202078125 0.4446871328125 0.037573618749999996 0.43957767031249995 0.0396713765625 0.436629946875 0.0454400984375 0.44173936718749995 0.051471040625 0.43977418281249997 0.0485866734375 0.449403571875 0.04989778125 0.45628170625 0.05697756875 0.4586399765625 0.047800021875 0.45117228593750003 0.0407202078125
0 0.6724402390625001 0.1367934234375 0.669501425 0.138603328125 0.6678894828125 0.1443094421875 0.6780920015625 0.151573975 0.6787701359375 0.1458427390625 0.6753791265625 0.14011155 0.6724402390625001 0.1367934234375
0 0.6774137953125 0.1835482671875 0.6767355890625 0.18143675937499998 0.671535971875 0.1808334734375 0.6698673265624999 0.184948309375 0.671309959375 0.189279503125 0.6747009203125 0.1886762171875 0.6774137953125 0.1835482671875
0 0.55533714375 0.214617590625 0.559899228125 0.22083717812499998 0.5627974421874999 0.2188406046875 0.562571309375 0.20858467187500002 0.5551110828125 0.20617156093750003 0.55533714375 0.214617590625
0 0.873263903125 0.0500923171875 0.8682368546875001 0.06127170625 0.867178503125 0.0600949265625 0.8574771984374999 0.0786880140625 0.8464529609375001 0.095751296875 0.8432779828125 0.10092911093750001 0.8419550499999999 0.1035180359375 0.84636476875 0.108342809375 0.8506862703125 0.11022567187500001 0.8534112015625 0.1084205734375 0.8633296859374999 0.092451771875 0.8711472484374999 0.07303948437499999 0.8775854031250001 0.057859053125000004 0.873263903125 0.0500923171875
0 0.6353820359375 0.8265196343750001 0.6299492890625 0.8541576281250001 0.6372216609375 0.86255501875 0.6509273640625 0.84314775 0.6353820359375 0.8265196343750001
0 0.5100231125 0.7802142109375 0.5073220765625 0.777310990625 0.504055084375 0.7798971140625001 0.5068719015625 0.791526840625 0.5077722609374999 0.792728153125 0.5115987171875 0.790525725 0.5100231125 0.7802142109375
0 0.5896286953125001 0.75278366875 0.588803371875 0.7502808828124999 0.5837014390624999 0.7486790828125 0.5782993375000001 0.75168244375 0.5769176390624999 0.757651515625 0.57739901875 0.7580895671875 0.5767987578125 0.75869025 0.5896286953125001 0.75278366875
0 0.56059255625 0.8106866281249999 0.5590919609375 0.810286184375 0.55729126875 0.810085971875 0.5589419234374999 0.8142906562500001 0.5611927671875 0.812288428125 0.56059255625 0.8106866281249999