0 0.06444686875 0.2160436765625 0.047894620312500004 0.19660817343749998 0.0417150984375 0.1986695140625 0.03839639375 0.2119838046875 0.058488048437499995 0.2390129328125 0.0651089859375 0.23312337656249998 0.064888271875 0.2237000890625 0.06444686875 0.2160436765625
0 0.35693020625 0.2802949359375 0.361333209375 0.27596601875000004 0.3633029390625 0.2660713625 0.3583205984375 0.262670071875 0.3548307625 0.2749872890625 0.35693020625 0.2802949359375
0 0.40798872812500003 0.35557401093749996 0.40207914999999994 0.3566253890625 0.4052309 0.3642478203125 0.4115345046875 0.36240792499999996 0.40798872812500003 0.35557401093749996
0 0.22575072812500002 0.481356125 0.22119832499999997 0.47708767500000004 0.21753443906249997 0.48269345625 0.22230566562499998 0.48759460624999995 0.2251355375 0.48759460624999995 0.22575072812500002 0.481356125
0 0.25318820937500003 0.4724909015625 0.24949703906249998 0.4724909015625 0.24832080781250002 0.4824062109375 0.2467902078125 0.48332617187500004 0.2524499515625 0.48266949375 0.25318820937500003 0.4724909015625
0 0.3133537734375 0.437194259375 0.31312288125 0.44046855 0.317537028125 0.4403134984375 0.3172909875 0.4339108484375 0.3137228890625 0.43276165468750005 0.3133537734375 0.437194259375
0 0.3460390390625 0.6228471265625 0.35129165625000003 0.6134583203124999 0.348153946875 0.6101090921875 0.342715365625 0.615970315625 0.3460390390625 0.6228471265625
0 0.40855742812500007 0.7911095546875 0.4068871703125 0.77736685625 0.3990929546875 0.761395640625 0.346760346875 0.7922238328125 0.3435981265625 0.8002688609374999 0.35232765312500003 0.8267662953125001 0.4077223296875 0.7970524 0.40855742812500007 0.7911095546875
0 0.5012529609375 0.9222223765625 0.4901182890625 0.9047654093749999 0.493737040625 0.879508609375 0.493737040625 0.8679944484375 0.48427262656250003 0.8717086984375 0.4853860515625 0.8806228484374999 0.48371597343749995 0.8913941828124999 0.48232407187500004 0.9077368515625001 0.4826024875 0.9114510812500001 0.47063274687499995 0.9270508640624999 0.468776953125 0.9269935703125001 0.48371597343749995 0.9497077734375001 0.49262355625 0.939679303125 0.5009744859375 0.9274223171875 0.5012529609375 0.9222223765625
0 0.401194525 0.9202716421874999 0.3988163265625 0.9163931562500001 0.3956453265625 0.91145693125 0.39353138125 0.9112806328125 0.3940425359375 0.916555021875 0.3957774453125 0.9211530828125 0.39736296718749997 0.9246789828124999 0.40013756718750004 0.9253841359375 0.401194525 0.9202716421874999
0 0.40621525937499997 0.9285574499999999 0.403440659375 0.929438890625 0.401194525 0.9357854890624999 0.4014405359375 0.9362962078124999 0.40462977968749997 0.9391350718749999 0.4081970828125 0.9359617874999999 0.4083292453125 0.932964790625 0.40621525937499997 0.9285574499999999
0 0.4429456375 0.9139250437499999 0.4399068265625 0.9172746453125 0.4380570921875 0.921858284375 0.43981765624999997 0.925191790625 0.44162441093749993 0.9234449265625001 0.4437383828125 0.916569471875 0.4429456375 0.9139250437499999
0 0.2387868546875 0.9295127265625001 0.2370359171875 0.9289736015625 0.23366874062499998 0.9260981484374999 0.23016683906250002 0.9271764578124999 0.2294934375 0.9331069937500001 0.23366874062499998 0.936521571875 0.2366318546875 0.9367012812500001 0.2387868546875 0.9295127265625001
0 0.2057884625 0.78639118125 0.2044293046875 0.7900091140625001 0.21158004843749997 0.7969943328125 0.2164287515625 0.792501484375 0.2118493859375 0.7867506078125001 0.2057884625 0.78639118125
0 0.265454871875 0.8392616859375 0.26397334375 0.8351282640625 0.258047075 0.833870265625 0.2541411515625 0.8363862624999999 0.25144740468750004 0.843934253125 0.2573736734375 0.8487865578125 0.260740821875 0.845731415625 0.260740821875 0.8527402421874999 0.2641079984375 0.8469894140625 0.265454871875 0.8392616859375
0 0.8750904531250001 0.4620066359375 0.878042528125 0.4679151015625 0.8820488624999999 0.4701659375 0.8833140890625 0.4577862828125 0.8753012640625 0.449908328125 0.8727709000000001 0.45469140625 0.8750904531250001 0.4620066359375
0 0.9803108171874999 0.360437271875 0.977780521875 0.36212542812500004 0.9720871796875 0.3618440671875 0.9672373999999999 0.36381355625 0.9672373999999999 0.36775253281250003 0.9646273593749999 0.371389709375 0.9735632187500001 0.37619318125 0.9847389312500001 0.36887793593749996 0.9822086359375 0.3649389578125 0.9803108171874999 0.360437271875
0 0.9065089171875 0.3854779140625 0.9062980609375 0.380694865625 0.9122022140625001 0.3801321578125 0.9113588109374999 0.37478639999999996 0.9048220234375 0.372535565625 0.9029242500000001 0.3730982734375 0.8959657953125 0.3764745421875 0.8993396515625 0.386322015625 0.9027133953125 0.390542309375 0.8985829843750001 0.3955114046875 0.9052438031250001 0.3975762375 0.9103044406249999 0.395888065625 0.9092501374999999 0.38913557499999996 0.9065089171875 0.3854779140625
0 0.930125525 0.45637951718750003 0.9330776015625 0.46369474843749997 0.9399068390625 0.4540926640625 0.939192678125 0.45075242812500005 0.9339210484375 0.45244054062499994 0.930125525 0.45637951718750003
0 0.9997102359375001 0.4288066625 0.9973907499999999 0.429932125 0.9950711968749999 0.43724732499999996 0.9954929765625 0.4409049859375 0.9997102359375001 0.438091396875 0.9997102359375001 0.4288066625
0 0.9172629640625001 0.5740943515625 0.9256974109374999 0.5749384234375 0.924643153125 0.5695926671875 0.9219018890624999 0.5659350812499999 0.9172629640625001 0.5740943515625
0 0.8943700484375 0.6944834328125 0.8931028937500001 0.6978650531249999 0.8932780953125 0.7022242359375 0.8973268109375001 0.7009648703125 0.8985939890625 0.6981468609375 0.8974324062499999 0.6944834328125 0.8943700484375 0.6944834328125
0 0.5298525984375 0.8764211703125 0.5284736453125001 0.8787868124999999 0.527488678125 0.879969634375 0.5288352140625 0.8835662046874999 0.5311330765625 0.883780953125 0.534186471875 0.8824667046875 0.531724028125 0.8770782734375 0.5298525984375 0.8764211703125
0 0.60845285 0.8341023984374999 0.605891934375 0.8343652593750001 0.6074255578125001 0.841025465625 0.6089453390624999 0.8456677890625001 0.61042280625 0.8442221 0.610521278125 0.8384394140625 0.60845285 0.8341023984374999
0 0.5668624062500001 0.7899504265624999 0.565187865625 0.7881629296875 0.5609413875 0.789079296875 0.5623411484374999 0.8006752828125 0.5663600421874999 0.7982175265625 0.5668624062500001 0.7899504265624999
0 0.5092583390625001 0.7202387156250001 0.5052394078125 0.7211324875 0.5092583390625001 0.7291761109375 0.51294228125 0.7287292437499999 0.5117701046875001 0.7264949281249999 0.5092583390625001 0.7202387156250001
0 0.4400641515625 0.5711720515625001 0.4375000703125 0.5814362078124999 0.4404988546875 0.588472703125 0.443269353125 0.581008525 0.4429489109375 0.572455096875 0.4400641515625 0.5711720515625001
0 0.0216553015625 0.96420335625 0.0282391609375 0.9619508203124999 0.0339789078125 0.953165953125 0.030940232812500003 0.943480040625 0.0216553015625 0.9392002406250001 0.0135521046875 0.9392002406250001 0.007474734375 0.954292184375 0.012370390625 0.954292184375 0.015240290625 0.95722050625 0.0216553015625 0.96420335625