0 0 0.1682652890625 0.006273428124999999 0.1666091046875 0.007018153125 0.1639590859375 0.0055286625 0.1487217390625 0 0.1451416734375 0 0.1682652890625
0 0.0441067328125 0.3099139890625 0.042164425 0.3201690625 0.051202204687499996 0.3260518703125 0.055072471874999994 0.321318121875 0.0441067328125 0.3099139890625
0 0.136025525 0.3008767765625 0.1316714390625 0.299370575 0.126251421875 0.305109875 0.131026396875 0.31228090937499997 0.13538048281249998 0.309483646875 0.1376381375 0.30733192656249997 0.136025525 0.3008767765625
0 0.030906562500000002 0.42872045625000005 0.028739949999999997 0.429740771875 0.027971062499999998 0.4348295796875 0.030141862499999998 0.4372231453125 0.032053582812499995 0.43365202500000005 0.0330731609375 0.431101203125 0.030906562500000002 0.42872045625000005
0 0.1565692265625 0.404402825 0.153076275 0.40596845625 0.1547849703125 0.4120552375 0.15848089999999998 0.4120552375 0.15848089999999998 0.40763385 0.1565692265625 0.404402825
0 0.20387250625000003 0.4475636609375 0.2055293203125 0.44909416718750006 0.2073135765625 0.4443326734375 0.19851973750000002 0.43600005937499997 0.1970080515625 0.4407803265625 0.1990295640625 0.4429722421875 0.20170594843749998 0.44365244375 0.2025980765625 0.44620325625 0.20387250625000003 0.4475636609375
0 0.35838199375 0.701510328125 0.3557181609375 0.70167186875 0.3491796984375 0.714920009375 0.3491796984375 0.7163740625 0.35014833749999996 0.71782815 0.3502694171875 0.7194437609375 0.34845316875 0.7221903359375 0.3465158140625 0.723482840625 0.34772666406249997 0.72493689375 0.35014833749999996 0.7268756546875 0.351480240625 0.731722521875 0.3499061515625 0.73802346875 0.36504158750000004 0.749009725 0.3624988359375 0.7406084515625 0.36177233124999997 0.731560946875 0.36407292343750003 0.724290628125 0.3702481734375 0.715243125 0.37533367812499996 0.712658125 0.3834462828125 0.7128197078125 0.3585737390625 0.695799825 0.3600771625 0.6984406375 0.3600771625 0.7008640796875001 0.35838199375 0.701510328125
0 0.4019369828125 0.7582498734375 0.40690135781250003 0.760027059375 0.40738572812499996 0.7597039359375 0.4101706140625 0.7606732890625 0.41235012812500005 0.7614811218749999 0.42022054531249997 0.75324143125 0.417919953125 0.7514642453125 0.41489288125 0.74920236875 0.410412825 0.74920236875 0.40762786249999994 0.746455803125 0.3987887796875 0.7538876625 0.4009682671875 0.7587345375 0.4019369828125 0.7582498734375
0 0.3234034265625 0.7975650921875 0.3291657796875 0.7983173765625 0.3291657796875 0.7947629875 0.32347488750000003 0.794439871875 0.3234034265625 0.7975650921875
0 0.5008500359375 0.5827079562499999 0.49257972499999997 0.5784817234374999 0.4894123078125 0.5822383765625 0.48571705 0.5874037828125 0.4850734015625 0.5974892390625001 0.4941633578125 0.6012564593749999 0.498562490625 0.5946823125 0.5008500359375 0.5827079562499999
0 0.387528778125 0.55241993125 0.381003428125 0.5592842 0.3840094796875 0.5648638515625 0.39016824375 0.5587592890625 0.3908721546875 0.5561765796875 0.387528778125 0.55241993125
0 0.49954467031250005 0.5227223890625 0.5064808843749999 0.530259271875 0.5114078953125001 0.52485908125 0.5047212531249999 0.5152326203125 0.49954467031250005 0.5227223890625
0 0.46372151875 0.4424474375 0.45674666249999996 0.44261505156250003 0.45509925000000007 0.4506651203125 0.4594983265625 0.45324780468750003 0.46284170312499995 0.45019554062499995 0.46372151875 0.4424474375
0 0.3861211046875 0.518284934375 0.38911250625 0.51687615625 0.3910481140625 0.5084237140625001 0.3848215484375 0.50719670625 0.3840094796875 0.5149978609375 0.3861211046875 0.518284934375
0 0.3649926625 0.5182035140625 0.3699323046875 0.52251114375 0.3708121390625 0.5189893109375 0.36694095937500004 0.5161718171875 0.3649926625 0.5182035140625
0 0.4593370890625 0.6320103125000001 0.45368766406249994 0.632619334375 0.45349066875000005 0.6355764546875 0.4615085953125 0.6375824078125001 0.4620932375 0.6341277062499999 0.4593370890625 0.6320103125000001
0 0.4498992984375 0.7304562546875 0.44889703281250004 0.72666725 0.4459421328125 0.729332571875 0.44689254375000004 0.731236346875 0.4498157546875 0.731347803125 0.4498992984375 0.7304562546875
0 0.5962761984375 0.758187125 0.5949076375 0.7567907515625001 0.5946661390625 0.7602279984375 0.5926611937499999 0.7608607234375 0.5944246234375 0.7657061296875 0.5957931671875001 0.7650616578125 0.5970812109375 0.761839228125 0.5962761984375 0.758187125
0 0.6407937984375 0.7183157328124999 0.6391452140625 0.717258696875 0.63813719375 0.7198195328125 0.639344721875 0.7223974906249999 0.6409547625 0.72035660625 0.6407937984375 0.7183157328124999
0 0.763499375 0.7309688296875 0.762382575 0.7275413453125 0.7583619374999999 0.7205374234375 0.754453015625 0.7205374234375 0.7511025421874999 0.7247099859375 0.747640353125 0.730223728125 0.7517726109375 0.7357374703125 0.757468496875 0.7363335328125 0.76193580625 0.7326080484374999 0.763499375 0.7309688296875
0 0.8276056921875 0.744678659375 0.82559545 0.7415492359375 0.8228080500000001 0.7400808078125001 0.8220215218750001 0.7437845578125 0.82403188125 0.7464669015625 0.8269355875000001 0.746764940625 0.8276056921875 0.744678659375
0 0.649713475 0.7814798796875 0.6490856796875 0.7808283375 0.6469685109375 0.782425221875 0.6478300515625001 0.7855752890625001 0.6490159015625 0.7869714546875 0.649922746875 0.785109890625 0.649713475 0.7814798796875
0 0.8878911421875 0.36593146875000004 0.8927955734375 0.36549520625 0.8950842874999999 0.3572061609375 0.8996617171875 0.3386649640625 0.8996617171875 0.334084190625 0.896392084375 0.3299396796875 0.89573816875 0.334956715625 0.89017985625 0.3415006765625 0.8860928687499999 0.355242996875 0.8814526921875 0.35930496875 0.881352 0.363313859375 0.8847850718749999 0.3620050828125 0.8878911421875 0.36593146875000004
0 0.9780822 0.27078392500000004 0.9856022421875 0.270129525 0.994593625 0.265330590625 1 0.2550784171875 0.9960650015624999 0.2500613453125 0.966696565625 0.2539670015625 0.9671290499999999 0.27165645 0.971216090625 0.2747102984375 0.9780822 0.27078392500000004
0 0.9788996421875 0.3159372609375 0.9741587218750001 0.31004770000000004 0.9710525640625001 0.3102658015625 0.96698261875 0.310452578125 0.9676194921875 0.318554846875 0.97072565 0.3207361484375 0.9777552843749999 0.319645475 0.9788996421875 0.3159372609375
0 0.9030450406250001 0.149460509375 0.904679840625 0.14291654375 0.8994484953124999 0.14226214375 0.8926087703125001 0.1429041453125 0.8888223125 0.150333040625 0.8963424249999999 0.15338687812500001 0.9004294125 0.150987434375 0.9030450406250001 0.149460509375
0 0.8999389703125 0.1553500765625 0.8940390359375 0.1600788140625 0.8963424249999999 0.164293509375 0.8999389703125 0.16407535 0.903862484375 0.1590583125 0.8999389703125 0.1553500765625
0 0.9057672203125 0.1661853625 0.912853815625 0.16712919843750002 0.9118729859375 0.1603671 0.9057672203125 0.1661853625
0 0.9869118546875001 0.08270174062499999 0.9888011515624999 0.07715575 0.9892546015624999 0.07171060312500001 0.9863828515625 0.0716097703125 0.9852492921874999 0.07897080625 0.9839645687499999 0.0835084265625 0.982226396875 0.0869368578125 0.9801103828125 0.089558603125 0.9785891843750001 0.0904077828125 0.9824531125 0.09359205468750001 0.9840401234374999 0.0931886953125 0.9863072984375 0.08784438125 0.9869118546875001 0.08270174062499999
0 0.94866755625 0.5262397359375 0.9462569468750001 0.5317931609375 0.9514751234375 0.5366834671875 0.9557289750000001 0.532256240625 0.94866755625 0.5262397359375