0 0.5841675046875 0.6710832609375 0.5769383515625 0.685896578125 0.6027567656249999 0.6841741109374999 0.601982209375 0.6548918875 0.5893311921875 0.6614373484375 0.5841675046875 0.6710832609375
0 0.29797903125 0.63707106875 0.2866126625 0.6403852703124999 0.289717146875 0.651884459375 0.2997863203125 0.64947298125 0.2972044484375 0.642238546875 0.29797903125 0.63707106875
0 0.49779175625 0.28745531406249997 0.4991174046875 0.28325421875 0.49771212968749995 0.278836996875 0.4939803578125 0.27861091875 0.4909975609375 0.285244203125 0.49447749375 0.289887503125 0.49779175625 0.28745531406249997
0 0.5720303203125 0.2721987546875 0.57285885 0.2671132203125 0.568218940625 0.26578657968749997 0.5675560796875 0.2695454328125 0.5670589625 0.2699876625 0.5680532687500001 0.2744098359375 0.5720303203125 0.2721987546875
0 0.4938146875 0.399336725 0.49480895937499997 0.3893868171875 0.4866735109375 0.3978670046875 0.4870204921875 0.4035378203125 0.4901690484375 0.407738890625 0.4938146875 0.399336725
0 0.5562877703125 0.3621903234375 0.5523107015625001 0.364401421875 0.55220398125 0.370012446875 0.5584419656249999 0.373024690625 0.5604305453125 0.3681603109375 0.5562877703125 0.3621903234375
0 0.549825040625 0.41640472968750003 0.5453508359375 0.41640472968750003 0.5449550359375 0.42146600625 0.5483336328124999 0.423701309375 0.5514821000000001 0.42038469687499996 0.549825040625 0.41640472968750003
0 0.6011954296875001 0.5223586984375 0.60484106875 0.528107559375 0.6091495671875 0.528107559375 0.6111381812500001 0.5243487171875 0.6041782437500001 0.516609884375 0.6011954296875001 0.5223586984375
0 0.4933175171875 0.6301241421875 0.49066613124999997 0.6365363234375 0.49073292031250004 0.638886315625 0.498785975 0.6369785296875 0.49994595156250005 0.6327774578125 0.4963003140625 0.6290185687500001 0.4933175171875 0.6301241421875
0 0.510656515625 0.6167390171875 0.51337954375 0.6173163953125 0.514076196875 0.6135982015625 0.5116876515625 0.61120795 0.510656515625 0.6167390171875
0 0.38980751874999997 0.5326583109375 0.385634359375 0.53773920625 0.39057247500000003 0.5436307734375 0.39133743125 0.5398031484375 0.38980751874999997 0.5326583109375
0 0.21260936875 0.59541021875 0.2256933328125 0.5990438124999999 0.2267951359375 0.5911054359375 0.2144556265625 0.589929421875 0.21260936875 0.59541021875
0 0.0009363578125000001 0.4405682859375 0.006184493750000001 0.43249635625 0.005303103125 0.42073585468749997 0 0.41279753281250003 0.0009363578125000001 0.4405682859375
0 0.31588011250000003 0.23542759531250002 0.314661378125 0.2523293359375 0.3182659765625 0.2525957046875 0.3206518515625 0.23667824375 0.31588011250000003 0.23542759531250002
0 0.6042977109375001 0.201805759375 0.608528734375 0.198331109375 0.60584660625 0.180675725 0.6035220859375 0.183300140625 0.6042977109375001 0.201805759375
0 0.5426611328125001 0.0460980640625 0.5504159140625 0.0389556046875 0.5473761609375 0.031798028125 0.5396873281250001 0.040387128125 0.5426611328125001 0.0460980640625
0 0.5004228671875001 0.13668404218750002 0.5039255609375 0.13486718749999999 0.504104365625 0.1286639375 0.49981300781250004 0.1291411453125 0.5004228671875001 0.13668404218750002
0 0.8230248921875001 0.10337115 0.8233636125 0.11037552343749998 0.8269197046875 0.11286099062499999 0.8265179312500001 0.111258746875 0.832338509375 0.10563060312500001 0.830137078125 0.10088568281250002 0.8255650078125001 0.0984002515625 0.8230248921875001 0.10337115
0 0.8387996703124999 0.02485381875 0.8418634578124999 0.026910968750000003 0.8454880203125 0.0172383875 0.83910875 0.024589562500000002 0.8387996703124999 0.02485381875
0 0.81571410625 0.00996086875 0.8172163828125001 0.0172383875 0.8238855796875001 0.013562820312500001 0.8227257546875 0.008533075 0.81571410625 0.00996086875
0 0.5055133078125 0.439073325 0.505125084375 0.4335479140625 0.50214868125 0.43182121875 0.4980261625 0.43577825625 0.499172346875 0.439073325 0.5020193046875 0.44235404218749996 0.5055133078125 0.439073325
0 0.6006276796875001 0.4342385875 0.598169015625 0.43700132187499996 0.60150665625 0.44121631250000004 0.6041216828125 0.4392459984375 0.6041216828125 0.4352746265625 0.6006276796875001 0.4342385875
0 0.5809578359375001 0.47429785 0.5568879984375 0.4616929953125 0.5532761421875 0.465083340625 0.5841929484375 0.483449315625 0.5841929484375 0.47982326249999996 0.581604796875 0.47602456249999997 0.5809578359375001 0.47429785
0 0.503572159375 0.538185465625 0.49723119843749997 0.5345594124999999 0.4953525265625 0.5397203140625 0.503572159375 0.5425021937500001 0.503572159375 0.538185465625