0 0.15245159218749998 0.7713739328125 0.150812221875 0.7777904140625 0.149610015625 0.783040221875 0.14950075000000002 0.7856651343750001 0.1465498515625 0.7888733828125 0.1476427921875 0.7926649265625 0.14501976875 0.7955814875 0.14556622187499998 0.7999563359375 0.14775205625 0.8057894890625 0.1449105046875 0.8087060640624999 0.13911801562499998 0.8187682265625 0.139555215625 0.8275179390625 0.1422875046875 0.8384551234375 0.1430525453125 0.8410800046875 0.142943221875 0.8439966109375 0.14556622187499998 0.8480798125 0.1498286265625 0.8511422124999999 0.15420026250000002 0.8485172999999999 0.1631621671875 0.8473506296875 0.16928249687500002 0.8409342109375 0.173326290625 0.8327677953125001 0.173654190625 0.8231430906250001 0.176605065625 0.8205181937500001 0.174637784375 0.8193515390625 0.17117383125000002 0.8122594953125001 0.16278825937500002 0.8034374484375 0.16681978125000002 0.7991340296875 0.1735927421875 0.7838568218749999 0.16843239375000002 0.776756140625 0.1698837828125 0.770516190625 0.17665674375 0.7496445046875 0.133116284375 0.7371645453125 0.1307661609375 0.758391390625 0.15430955 0.76641578125 0.15430955 0.76845738125 0.15245159218749998 0.7713739328125
0 0.3162476625 0.8813474828125001 0.31352553125 0.8860368328125 0.3175657046875 0.8899650609374999 0.32217889375 0.8866235484375 0.3187520015625 0.8822268281250001 0.3162476625 0.8813474828125001
0 0.3163794921875 0.81515310625 0.3217834890625 0.8165600718749999 0.323365190625 0.8102287765625 0.318883775 0.807414865625 0.3163794921875 0.81515310625
0 0.40269493437500004 0.8497070843750001 0.4011132328125 0.83809973125 0.393995746875 0.8324719281249999 0.38529658906250003 0.8340547375 0.38134246250000003 0.8393308140625001 0.37870634999999997 0.8516416390625 0.3822651 0.853927921875 0.3875372828125 0.870107878125 0.39570925 0.8730976343749999 0.4001905953125 0.8651835484375001 0.40269493437500004 0.8497070843750001
0 0.12471885 0.5445751640625 0.121970628125 0.5295406093749999 0.11592461875 0.533207521875 0.11097783125 0.5420082875000001 0.114000865625 0.5486087828125 0.11839802656250001 0.551175659375 0.12471885 0.5445751640625
0 0.175159275 0.46405703281250005 0.1738895078125 0.4653747984375 0.17586471406249998 0.46838683281250004 0.1763706703125 0.4678599859375 0.184470975 0.46518653125 0.1860229046875 0.4631157703125 0.1824957703125 0.461233234375 0.175159275 0.46405703281250005
0 0.07188424375 0.5706078031249999 0.07456491875 0.5768201203125 0.0775277265625 0.5721138156250001 0.074282709375 0.567219265625 0.07188424375 0.5706078031249999
0 0.2310371625 0.559061109375 0.229334634375 0.5610780078125 0.229103234375 0.57183433125 0.23277769375 0.5722214078125 0.23239091093750003 0.56086741875 0.2310371625 0.559061109375
0 0.246218478125 0.545255696875 0.24370434843750002 0.544094475 0.24099685312500002 0.544094475 0.24287040625 0.5493391640625 0.24573497031249997 0.5532550921875 0.24834579375 0.552480959375 0.248635884375 0.5491263734375 0.246218478125 0.545255696875
0 0.3029951890625 0.5722214078125 0.30647623125 0.576479153125 0.323591496875 0.5637059109375 0.32513861093749996 0.5615125390625 0.3185632890625 0.5548033640625001 0.3185632890625 0.5477071062500001 0.3171128484375 0.542417196875 0.3142119546875 0.5435783859375001 0.3142119546875 0.5407398859375 0.3127615140625 0.5402237984375 0.3089903609375 0.5412559953125 0.30841018125 0.5448686265625 0.3070564328125 0.5469329875 0.30647623125 0.5470620125 0.305122484375 0.545513740625 0.3033819734375 0.546545903125 0.30086784375 0.5475781015625001 0.29970749375 0.5540292109375 0.3000942765625 0.563447859375 0.30260840624999996 0.5673185421875 0.3029951890625 0.5722214078125
0 0.3228847703125 0.610980196875 0.32481872031250003 0.6134316265625 0.32549559375000003 0.6107221390625 0.32481872031250003 0.6099479999999999 0.3243352109375 0.608399728125 0.3185334375 0.601432509375 0.3161327671875 0.6053244171875 0.3188235265625 0.6067224515625 0.3204673859375 0.60685145625 0.3228847703125 0.610980196875
0 0.39395652812500004 0.617818390625 0.3839808203125 0.626544634375 0.3868010375 0.6338171874999999 0.3982111578125 0.6293013984375 0.39395652812500004 0.617818390625
0 0.3547664640625 0.24577133281250002 0.3519676625 0.2489312703125 0.3553046609375 0.2578363890625 0.359825753125 0.255538321875 0.3547664640625 0.24577133281250002
0 0.3222370875 0.5180454703125 0.3244341546875 0.5224428234375 0.326005471875 0.5151957796875 0.3212605765625 0.51364816875 0.3222370875 0.5180454703125
0 0.33725039218749997 0.3981769890625 0.342987153125 0.40485445000000003 0.3451842203125 0.40110856562499997 0.3404239046875 0.3976884046875 0.33725039218749997 0.3981769890625
0 0.517921934375 0.105464 0.507904778125 0.105464 0.5084894531249999 0.12458965156249999 0.5130355125 0.12306798125 0.5174332296874999 0.1162219671875 0.517921934375 0.105464
0 0.5693877640625 0.308928975 0.57129228125 0.2998231515625 0.5611350453124999 0.2983408125 0.55938928125 0.3044819578125 0.5693877640625 0.308928975
0 0.4994381671875 0.40721218437499995 0.4953878953125 0.41174482343749996 0.4952572453125 0.4140111421875 0.494604009375 0.41662613281249994 0.4957798578125 0.41889244999999997 0.4973365890625 0.4158789328125 0.4986542390625 0.4150571421875 0.5011366984375 0.41017582812500003 0.4994381671875 0.40721218437499995
0 0.5191669 0.3930912546875 0.51524731875 0.395183240625 0.51402551875 0.4012377625 0.518905628125 0.4023308734375 0.5213880171875 0.39779823125 0.5191669 0.3930912546875
0 0.5564032890624999 0.5208769531249999 0.5549660984375 0.5159956453125 0.5514384406249999 0.5147753171875 0.5496895296875 0.5208073125 0.55313694375 0.524537934375 0.5566645609374999 0.5215742609375 0.5564032890624999 0.5208769531249999
0 0.8039269890625 0.30067272031250003 0.7970712296875 0.3024312796875 0.7969147453125001 0.3093445734375 0.80478213125 0.31185485625 0.8082027406250001 0.3038676171875 0.8039269890625 0.30067272031250003