0 0.5289261265625 0.5661334171875 0.505922553125 0.580317353125 0.516399496875 0.6103071546875001 0.541751 0.5848376015625 0.541154415625 0.569715065625 0.5289261265625 0.5661334171875
0 0.4293095171875 0.4976840765625 0.4354691453125 0.508598325 0.46122267343749995 0.47699010468749997 0.4573453109375 0.4694288140625 0.4293095171875 0.4976840765625
0 0.43159357187499997 0.48170164375 0.41724939687499996 0.478470278125 0.41408245781249997 0.49661557343749996 0.41724939687499996 0.5082981390625 0.4215104140625 0.5168709703125 0.43159357187499997 0.48170164375
0 0.5871440125 0.44541107812499997 0.5823005140624999 0.4541108703125 0.58453598125 0.458087909375 0.5878891421875 0.452122340625 0.5871440125 0.44541107812499997
0 0.56534830625 0.5028296937500001 0.5666631953125 0.5077236796875 0.5685153046875 0.5055639234375 0.5726136359375 0.5035754078125 0.56534830625 0.5028296937500001
0 0.390796453125 0.654550275 0.385580390625 0.6565387968749999 0.38738360625 0.66298573125 0.39359076718749997 0.661012978125 0.39359076718749997 0.658030190625 0.390796453125 0.654550275
0 0.96876535 0.32097173125 0.971582634375 0.3078147515625 0.9567918390625 0.32347780312499996 0.957730884375 0.32347780312499996 0.9591395875 0.32817673125 0.96876535 0.32097173125
0 0.8931841953124999 0.062475784374999996 0.88690633125 0.067370909375 0.9053574203125001 0.1047714640625 0.9059600874999999 0.10428900156250001 0.8931841953124999 0.062475784374999996
0 0.9123480140625 0.1251955859375 0.9095758625 0.11506392343750001 0.8978729015625 0.12139626875000001 0.9052368968750001 0.12985937812499998 0.9093348421874999 0.12921608281250002 0.9123480140625 0.1251955859375
0 0.884144678125 0.167169653125 0.8814931156249999 0.1654006359375 0.8754667328125001 0.16556141562499999 0.8770335859375 0.174728153125 0.879564653125 0.172959134375 0.8822162421874999 0.1710293359375 0.884144678125 0.167169653125
0 0.8591956265625 0.1012334203125 0.8579903296875001 0.10428900156250001 0.8587135203124999 0.1063796421875 0.8630524609375 0.10493226250000001 0.86437825625 0.103002421875 0.8612445859375001 0.0986603015625 0.8591956265625 0.1012334203125
0 0.9951724375 0.28657894375000004 0.9930973609375 0.290501409375 0.993270278125 0.29153970937499996 0.9949130593750001 0.294654615625 0.9950859781249999 0.2950007171875 0.9988038359375 0.29153970937499996 0.9977663250000001 0.2880787078125 0.9951724375 0.28657894375000004