0 0.0410308203125 0.6482018109375 0.029891812499999997 0.656643390625 0.0332270125 0.6638209703125 0.044244165625 0.6558582171875 0.0410308203125 0.6482018109375
0 0.3625783125 0.591238146875 0.3550039359375 0.5909318828125001 0.340773475 0.59828199375 0.3331990984375 0.6016508765624999 0.3253953265625 0.6028758640625 0.32401817187500004 0.6077759484375 0.326313421875 0.6181887109375 0.3295267671875 0.621251246875 0.3334286890625 0.621863740625 0.338019115625 0.6233950421875 0.3389372109375 0.6224763015625 0.3373305390625 0.6215574937499999 0.3373748875 0.6215216781249999 0.33692347031250003 0.6214965828125 0.34129542343749997 0.6183554484375 0.346052478125 0.614513646875 0.34337497968749997 0.61686134375 0.34536390156249996 0.61543235625 0.35477441875000004 0.6276826328125 0.36510308125 0.6362578140624999 0.3763497890625 0.62615133125 0.3797926015625 0.612676065625 0.3758906796875 0.597975746875 0.3625783125 0.591238146875
0 0.49380993437500004 0.7048663140625 0.48774320312499997 0.7065268171875 0.487878803125 0.7152193765625 0.4922543734375 0.7166972234375 0.4956766 0.7117158031249999 0.49380993437500004 0.7048663140625
0 0.5026766234375 0.60565285 0.508587753125 0.6253710156250001 0.5123211000000001 0.6291070734375 0.5196322421875 0.6135401218750001 0.5026766234375 0.60565285
0 0.5291211015624999 0.6320129078125001 0.5308322328124999 0.6369943499999999 0.5386100609375 0.6388623734375 0.541721153125 0.6318053546875 0.5291211015624999 0.6320129078125001
0 0.571694921875 0.58236461875 0.5995394609375 0.60561129375 0.6094950421875 0.587346034375 0.5776060859375 0.55745746875 0.571694921875 0.58236461875
0 0.5816505015625 0.6427644390625 0.575894971875 0.6381981578125 0.5659393921875 0.6421417578125 0.5665616140624999 0.642972025 0.5774505343749999 0.65210464375 0.5816505015625 0.6427644390625
0 0.7697004656249999 0.63985860625 0.76394486875 0.6450475906250001 0.7634781828125 0.650236609375 0.7352983328125 0.6803559328125 0.7384336640625 0.689465353125 0.7767004390625 0.6554255953125 0.7697004656249999 0.63985860625
0 0.818700575 0.7029567343750001 0.8128721125 0.70577719375 0.8140339703125001 0.7199766515625 0.8182339875 0.724335403125 0.820411771875 0.7176934328125 0.818700575 0.7029567343750001
0 0.728553046875 0.5570144703125 0.72450863125 0.5563917765624999 0.7126863359375 0.5665621953125 0.7176060671875 0.5750392843750001 0.717664125 0.5773553171875 0.7249753015625 0.5675999828125 0.728553046875 0.5570144703125
0 0.8197088609375 0.5206915484375 0.8114644125 0.52027643125 0.8064866046875 0.51923863125 0.8053977124999999 0.5252578640625 0.8058644671874999 0.53106953125 0.810686621875 0.5331451078125 0.8181533156249999 0.53106953125 0.8197088609375 0.5206915484375
0 0.848346940625 0.5917592359375 0.8466358265625 0.5965330921875001 0.8485288328125 0.6008237046875 0.8509913953125 0.597986009375 0.8528580265624999 0.593627259375 0.848346940625 0.5917592359375
0 0.989747325 0.7021808828125 0.983836178125 0.7113135125000001 0.9874140562499999 0.7165024984375 0.993169553125 0.7154647546875 0.9964362281250001 0.7121437484375 0.9947250984375 0.7052942921875001 0.989747325 0.7021808828125
0 0.9307915859375001 0.7260502343749999 0.9398138749999999 0.7204461859375 0.936391646875 0.7160874359375 0.9317249593750001 0.7223141656250001 0.9307915859375001 0.7260502343749999
0 0.9876172593750001 0.429411778125 0.99900036875 0.435452090625 0.999467021875 0.41428104218749995 0.9930892203124999 0.410960090625 0.9876172593750001 0.429411778125
0 0.9153943234374999 0.23737712812499998 0.9191276703125 0.242358559375 0.9244165453125 0.2392451625 0.9216165234375 0.231357884375 0.9171054046875 0.231357884375 0.9153943234374999 0.23737712812499998
0 0.9701500125000001 0.20748855625 0.9706166671875 0.1946198359375 0.9689056359375 0.1863174625 0.9661055468749999 0.1861099203125 0.9643945171875 0.1929593546875 0.9643945171875 0.1981483734375 0.9645500671875 0.2006390890625 0.9645500671875 0.2033373359375 0.9639277625 0.20686587343750001 0.9681277796875 0.208318790625 0.9701500125000001 0.20748855625
0 0.7850919625 0.13163907187499999 0.7813586156250001 0.130808803125 0.7788697625000001 0.1355827046875 0.7812982234375 0.1403357328125 0.783692 0.1401489859375 0.785558665625 0.135375140625 0.7850919625 0.13163907187499999
0 0.6622554 0.2308525125 0.663440515625 0.23112594843749998 0.6704998328125 0.2323054296875 0.671744275 0.22607870000000002 0.6639664796875 0.22483333593750002 0.6622554 0.2308525125
0 0.5921806046875 0.060412234375 0.5910383203125 0.0644351125 0.593269496875 0.0707901828125 0.5959139515625 0.0672616671875 0.5960695031250001 0.060412234375 0.5921806046875 0.060412234375
0 0.6099140296875001 0.045260384375000004 0.59700284375 0.049619134375 0.5995052234375 0.054071065625000005 0.6142695984375 0.050656934375 0.6099140296875001 0.045260384375000004
0 0.5539656640625 0.3597753578125 0.5540313 0.3603884234375 0.5544907640625001 0.3609138828125 0.5566195359375 0.3604807 0.5609232578125 0.3518054984375 0.5580352171875 0.350579365625 0.5541625921875 0.35749823125 0.5539656640625 0.3597753578125
0 0.4243720203125 0.291983515625 0.4279336359375 0.2863925375 0.426467075 0.2820595265625 0.42227693125 0.2808015578125 0.41902954687499994 0.28303795625 0.4197628265625 0.2904460140625 0.41986755468750003 0.2922630625 0.42101985 0.2939403578125 0.4243720203125 0.291983515625
0 0.32284398125 0.5811267015625 0.3270415921875 0.592230803125 0.332291209375 0.590148390625 0.329595440625 0.5806827609375 0.32284398125 0.5811267015625
0 0.41817043125 0.43441151875 0.41292609999999996 0.43023243281249995 0.4101582671875 0.4297464875 0.408701534375 0.43100994375 0.40760894687500004 0.43343962812500003 0.408628675 0.4361608890625 0.4086589328125 0.43454235937499996 0.41467420468749994 0.43888214843749995 0.41838894687500006 0.43995121406250004 0.42086540625 0.437327159375 0.41817043125 0.43441151875
0 0.8800327171875001 0.6150031874999999 0.8723487750000001 0.62128708125 0.8688786343749999 0.626909515625 0.8721009687500001 0.6328626703125 0.876286125 0.63504959375 0.8830070593749999 0.6351777890625 0.8879644125 0.62955531875 0.886229340625 0.6226099656249999 0.8800327171875001 0.6150031874999999
0 0.7744974609375 0.3420540859375 0.7729613625 0.334624190625 0.7685450515625 0.33795481562499996 0.7696971359375 0.34384751874999997 0.7735374046875 0.34384751874999997 0.7744974609375 0.3420540859375
0 0.8849050578125001 0.39303882031250004 0.8841370078124999 0.3922701890625 0.8807491234375 0.38839703124999997 0.87760855625 0.3943198453125 0.8822168749999999 0.398419115625 0.88471305 0.3973942890625 0.8849050578125001 0.39303882031250004